0.19857	0.19857
0.020298	0.020298
-0.072816	-0.072816
-0.15643	-0.15643
0.0217	0.0217
-0.017411	-0.017411
-0.13196	-0.13196
-0.023762	-0.023762
-0.0017803	-0.0017803
-0.0074098	-0.0074098
0.14923	0.15015
-0.049488	-0.049488
0.0238	0.0238
-0.05206	-0.05206
-0.13956	-0.13956
-0.022378	-0.022378
-0.15369	-0.15369
0.034482	0.034482
0.0017869	0.0017869
-0.017166	-0.017166
-0.0016034	-0.0016034
-0.023471	-0.023471
0.044238	0.044238
0.067448	0.067448
0.081319	0.081319
0.13361	0.13361
0.038647	0.038647
0.08823	0.08823
0.064514	0.064514
-0.031589	-0.031589
0.03941	0.03941
0.1393	0.1393
0.1338	0.1338
0.10256	0.050991
-0.10274	-0.11683
0.01655	0.01655
-0.0474	-0.0474
-0.14586	-0.14586
0.050628	0.050628
0.1062	0.1062
0.031982	0.031982
0.072056	0.072056
-0.030319	-0.026376
-0.012079	-0.012604
0.16372	0.16372
0.011591	-0.0050342
0.046951	0.038418
-0.064827	-0.064827
0.12694	0.12694
0.14018	0.14018
-0.010288	-0.019683
0.010519	0.0059432
0.060941	0.060941
-0.0030951	-0.0030951
0.049429	0.049429
0.074101	0.074101
-0.01046	-0.018769
-0.059271	-0.059271
0.081348	0.081348
-0.011826	-0.011826
-0.080343	0.024212
-0.11377	-0.11377
0.10993	0.10993
0.16141	0.16141
0.042914	0.042914
0.15384	0.13968
0.018173	0.018173
0.071605	0.071605
0.0019574	-0.039566
0.043675	0.043675
0.098367	0.098367
0.10932	0.099317
-0.027971	-0.027971
0.01246	0.01246
0.011437	0.011437
-0.027667	-0.027667
7.12E-05	7.12E-05
0.04552	0.04552
0.037709	0.037709
0.043572	0.028759
0.037937	0.037937
-0.021284	-0.021284
0.15506	0.15506
-0.054854	-0.054854
-0.11372	-0.11372
0.015417	0.015417
0.13067	0.13067
0.08316	0.08316
0.0032161	0.0032161
0.069593	0.069593
-0.047622	-0.047622
-0.080321	-0.080321
0.25174	0.25174
-0.0027293	-0.0027293
0.11267	0.082805
-0.10529	-0.12444
0.12985	0.12985
0.1238	0.1238
-0.074435	-0.074435
0.047261	0.012775
0.060305	0.060305
0.12506	0.12506
0.023458	0.01999
0.023344	0.023344
0.059439	0.059439
0.097304	0.097304
-0.09725	-0.09725
0.028773	0.028773
0.106	0.106
0.11477	0.11477
0.10782	0.10782
-0.015114	-0.015114
0.14239	0.14239
0.056061	0.056061
0.020862	0.020862
-0.057374	-0.076488
0.072864	0.072864
-0.0095225	-0.0095225
0.013231	0.013231
-0.044009	-0.044009
0.086635	0.086635
0.22824	0.22824
0.0079614	0.0079614
-0.0072064	-0.0072064
0.043997	0.043997
0.1422	0.1422
0.048796	0.048796
-0.010633	-0.010633
-0.010236	-0.010236
0.10009	0.10009
0.3272	0.3272
0.22932	0.22932
0.30842	0.30842
0.15345	0.15345
0.30908	0.28564
0.38795	0.38338
0.25352	0.25352
0.27198	0.27198
0.37418	0.37418
0.24286	0.24286
0.15404	0.15404
0.10685	0.10685
0.34249	0.34249
0.2893	0.2893
0.24819	0.24819
0.18736	0.18736
0.225	0.22376
0.30214	0.30214
0.035989	-0.014284
0.2555	0.2555
0.17214	0.17214
0.21599	0.21599
0.12387	0.12387
0.15389	0.15389
0.24286	0.24286
0.15848	0.15848
0.2749	0.2749
0.1835	0.1835
0.10906	0.10906
0.10053	0.10053
0.076732	0.076732
0.19199	0.19199
0.14609	0.14609
0.20653	0.20653
0.15268	0.15268
0.20601	0.20601
0.2585	0.2585
0.19669	0.19669
0.16718	0.16718
0.16093	0.16093
0.33252	0.33252
0.13106	0.13106
0.15634	0.15634
0.34769	0.34769
0.25157	0.25157
0.20172	0.20172
0.23124	0.23124
0.16073	0.16073
0.096588	0.096588
0.135	0.135
0.19336	0.19336
0.16192	0.16192
0.21264	0.21264
0.26252	0.26252
0.13919	0.13919
0.17622	0.17622
0.27639	0.27639
0.061701	0.061701
0.15668	0.15668
0.22445	0.22445
0.32944	0.32944
0.16735	0.16735
0.25347	0.25347
0.0058488	0.0058488
0.22774	0.22774
-0.032141	-0.032141
0.065703	0.029368
0.044761	0.044761
0.21652	0.21652
0.25675	0.25675
0.19079	0.19079
0.078756	0.078756
0.13753	0.13753
0.20384	0.20384
0.19467	0.19467
0.26483	0.26483
0.17357	0.17357
-0.043778	-0.043778
0.11869	0.11869
0.23838	0.21
-0.022495	-0.022495
-0.031323	-0.031323
-0.033483	-0.033483
-0.092467	-0.092467
0.0013415	0.0013415
-0.091895	-0.091895
-0.014318	-0.014318
-0.05274	-0.05274
0.022228	0.022228
-0.076926	-0.076926
-0.10403	-0.10403
-0.0011122	-0.0011122
0.011254	0.011254
-0.0047129	-0.0047129
0.023364	0.023364
-0.1169	-0.1169
0.013002	0.013002
0.039136	0.039136
-0.11839	-0.064648
0.106	0.106
-0.028363	-0.028363
-0.12089	-0.1232
-0.13855	-0.13855
0.0068435	0.0068435
-0.059269	-0.059269
-0.053733	-0.053733
0.017853	0.017853
0.043276	0.043276
0.01633	0.01633
-0.080652	-0.080652
-0.020358	-0.020358
-0.099042	-0.099042
-0.052257	-0.052257
0.053764	0.053764
0.16052	0.16052
0.12659	0.12659
0.015429	0.015429
0.041133	0.041133
-0.049956	-0.049956
-0.052286	-0.052286
0.15706	0.15706
-0.0081535	-0.024743
-0.0018888	-0.0018888
0.030994	0.030994
-0.025554	-0.025554
-0.064269	-0.064269
0.082846	0.082846
0.15202	0.15202
0.10924	0.10924
0.063517	0.063517
0.11785	0.11785
-0.076899	-0.076899
-0.206	-0.206
-0.11118	-0.11118
-0.030359	-0.030359
0.010935	0.010935
-0.011055	-0.011055
0.08108	0.08108
0.01239	0.01239
0.0049582	0.0049582
-0.070135	-0.070135
0.0045343	0.0045343
0.027254	0.027254
-0.11909	-0.12331
0.053382	0.053382
0.043432	0.043432
-0.076091	-0.076091
0.029635	0.029635
0.03104	0.03104
0.071355	0.071355
-0.0031784	-0.032073
0.16869	0.16869
0.17321	0.17321
0.15668	0.15668
0.006921	0.006921
0.034967	0.034967
-0.025929	-0.025929
-0.002938	-0.002938
-0.036739	-0.036739
-0.04635	-0.04635
-0.05715	-0.05715
-0.1289	-0.1289
0.040571	0.040571
-0.014074	-0.014074
-0.026626	-0.026626
-0.10867	-0.10867
-0.057352	-0.057352
0.042031	0.042031
0.082099	0.082099
-0.10845	-0.10845
-0.15798	-0.15798
-0.052179	-0.052179
-0.044507	-0.044507
-0.026779	-0.026779
-0.044277	-0.044277
-0.023916	-0.023916
0.010114	0.010114
0.049728	0.049728
-0.14354	-0.14354
0.063674	0.063674
-0.004536	-0.004536
-0.025147	-0.025147
-0.035846	-0.035846
0.0093595	0.0093595
-0.10414	-0.10414
0.15453	0.15453
0.051364	0.092855
-0.044397	-0.044397
-0.11819	-0.11819
-0.054213	-0.054213
0.066423	0.066423
-0.074463	-0.074463
-0.058994	-0.058994
-0.073156	-0.073156
-0.051246	-0.051246
-0.038522	-0.038522
-0.032567	-0.032567
0.095424	0.098226
-0.10715	-0.10715
-0.088632	-0.088632
-0.10015	-0.10015
-0.16169	-0.16169
0.048574	0.048574
-0.023084	-0.023084
0.027908	0.027908
0.0084853	0.0084853
0.047676	0.047676
0.036022	0.036022
-0.0083515	-0.0083515
-0.005766	-0.005766
0.27077	0.27077
0.0097583	0.0097583
-0.091453	-0.091453
-0.051017	-0.051017
0.10253	0.10253
-0.14284	-0.14284
-0.087311	-0.087311
-0.011055	-0.011055
0.040444	0.040444
-0.0026244	-0.0026244
-0.18049	-0.18049
-0.1606	-0.1606
-0.068297	-0.068297
-0.097815	-0.097815
-0.10542	-0.10542
0.0054402	0.0054402
-0.16667	-0.16667
-0.080368	-0.080368
0.057654	0.057654
0.015855	0.016081
-0.030933	-0.030933
0.019545	0.019545
-0.036887	-0.036887
0.06782	0.06782
0.14176	0.14176
0.00088099	0.00088099
-0.0059079	-0.0059079
-0.068881	-0.068881
-0.029426	-0.029426
0.2253	0.2253
0.053921	0.053921
0.05026	0.05026
-0.003639	-0.003639
0.062252	0.062252
0.018999	0.018999
0.12079	0.12079
0.0082069	0.0082069
-0.054888	-0.054888
0.043849	0.043849
0.11148	0.11148
0.18408	0.18408
-0.072901	-0.072901
0.077156	0.077156
0.0036917	0.012535
-0.10768	-0.10768
0.041813	0.041813
-0.030203	-0.030203
0.002373	0.002373
0.067312	0.067312
0.038205	0.038205
0.040732	0.040732
-0.049694	-0.049694
0.037349	0.037349
-0.13797	-0.13797
0.010264	-0.0035324
-0.034344	-0.034344
0.010575	0.010575
0.0090364	0.0090364
0.019961	0.019961
0.10792	0.10792
0.082854	0.082854
-0.09514	-0.09514
-0.038048	-0.038048
0.08963	0.08963
-0.00025188	-0.017551
-0.065376	-0.065376
-0.025746	-0.025746
-0.026541	-0.026541
0.065268	0.065268
-0.11896	-0.11896
-0.074829	-0.074829
0.040537	0.040537
0.12753	0.12753
0.089797	0.089797
-0.022345	-0.022345
0.036481	0.036481
-0.029207	-0.029207
0.083463	0.083463
0.082846	0.082846
-0.023449	-0.023449
-0.022548	-0.022548
0.0058786	0.0058786
0.018697	0.018697
-0.087853	-0.087853
0.015032	0.015032
-0.031476	-0.025972
0.049862	0.049862
-0.030047	-0.030047
-0.081077	-0.081077
-0.07114	-0.07114
-0.0059166	-0.0059166
0.049573	0.056227
0.021281	0.021281
0.015442	0.015442
0.035673	0.035673
-0.076843	-0.076843
0.054162	0.05787
-0.037307	-0.016368
-0.097906	-0.097906
-0.070251	-0.070251
-0.04398	-0.04398
-0.11224	-0.11224
0.010291	0.010291
-0.15202	-0.15202
-0.0002044	-0.0002044
0.13125	0.035319
0.082525	0.082525
-0.022278	-0.022278
-0.1103	-0.1103
-0.1079	-0.1079
-0.021665	0.0080745
-0.027442	-0.027442
0.2149	0.2149
-0.053	-0.053
-0.014616	-0.014616
0.026703	0.026703
0.018589	0.018589
0.11363	0.11363
-0.04877	-0.04877
-0.1141	-0.1141
0.065766	0.065766
-0.085913	-0.085913
-0.034837	-0.034837
-0.067185	-0.067185
-0.039182	-0.039182
-0.15689	-0.15689
0.035094	0.035094
0.05041	0.05041
-0.15768	-0.15768
0.053456	0.053456
-0.0042212	-0.0042212
0.062142	0.062142
0.16358	0.16358
0.018006	0.018006
-0.076486	-0.076486
0.015165	0.015165
-0.04714	-0.04714
0.10987	0.10987
0.12266	0.12266
0.061746	0.061746
-0.014385	-0.014385
0.042544	0.042544
0.072796	0.072796
0.087013	0.087013
0.12156	0.12156
-0.046365	-0.046365
0.051528	0.051528
0.18621	0.18621
-0.05379	-0.05379
0.0099554	0.0099554
0.02204	0.02204
0.036675	0.036675
0.053134	0.053134
-0.20814	-0.20814
-0.055371	-0.055371
-0.014871	-0.014871
0.035768	0.035768
-0.092318	-0.092318
0.05821	0.05821
-0.040247	-0.040247
0.036859	0.036859
-0.041099	-0.041099
-0.25012	-0.25012
0.038485	0.038485
-0.028589	-0.028589
-0.18088	-0.18088
-0.00012863	-0.00012863
-0.043203	-0.043203
-0.015197	-0.015197
0.21653	0.21653
0.040139	0.040139
-0.01835	-0.01835
0.0025059	0.0025059
-0.11669	-0.11669
-0.14032	-0.14032
-0.036482	-0.036482
0.085844	0.085844
-0.018048	-0.018048
-0.083568	-0.083568
0.00088365	0.00088365
0.011104	0.011104
-0.0033656	-0.0033656
-0.038462	-0.038462
-0.087551	-0.087551
-0.089732	-0.089732
-0.12391	-0.12391
-0.15777	-0.15777
0.014077	0.014077
0.014452	0.014452
0.0014461	0.0014461
-0.098121	-0.098121
-0.044786	0.018306
-0.0163	-0.0163
-0.046279	-0.046279
-0.077474	-0.077474
0.027414	0.027414
-0.083809	-0.078526
-0.084962	-0.084962
-0.1672	-0.1672
-0.22648	-0.22648
-0.23409	-0.23409
-0.097414	-0.097414
0.034012	0.034012
0.010184	0.010184
0.02	0.02
-0.037929	-0.037929
-0.12492	-0.12492
-0.11046	-0.11046
-0.11169	-0.11169
-0.086349	-0.086349
-0.08678	-0.08678
-0.24872	-0.24872
-0.12624	-0.12624
-0.072013	-0.072013
-0.11064	-0.11064
-0.033223	-0.033223
-0.04014	-0.04014
-0.081803	-0.081803
0.0047377	0.0047377
-0.0061533	-0.0061533
-0.055458	-0.055458
0.027317	0.027317
-0.07165	-0.07165
-0.0031561	-0.0031561
0.021875	0.021875
-0.021828	-0.021828
0.033125	0.033125
0.01886	0.01886
-0.025907	-0.025907
-0.036975	-0.036975
-0.061863	-0.061863
-0.10079	-0.10079
-0.13847	-0.13847
-0.14286	-0.14286
-0.10457	-0.10457
0.055581	0.055581
0.033824	0.033824
0.051366	0.051366
0.05928	0.05928
-0.054985	-0.054985
-0.059004	-0.059004
-0.11726	-0.11726
0.012169	0.012169
0.008363	0.008363
0.009	0.009
0.03264	0.03264
0.020282	0.020282
0.2299	0.2299
-0.021201	-0.021201
0.28958	0.24554
0.039611	0.039611
0.0006898	0.0006898
0.014549	0.029253
0.018097	0.018097
-0.1288	-0.1288
-0.018654	-0.018654
-0.17106	-0.17106
-0.01429	-0.01429
0.0040215	0.0040215
-0.17688	-0.17688
-0.10436	-0.10436
0.10851	0.10851
0.063098	0.063098
0.0947	0.0947
-0.13494	-0.13011
-0.012955	-0.012955
0.048515	0.048515
0.041693	0.041693
0.0063959	0.0063959
-0.11924	-0.11924
0.096972	0.096972
-0.0025345	-0.0025345
-0.05125	-0.05125
-0.066793	-0.066793
-0.022061	-0.022061
0.17924	0.17924
-0.10358	-0.10358
-0.065147	-0.065147
-0.15002	-0.15002
0.061019	0.061019
-0.073985	-0.075277
0.024483	0.024483
0.17822	0.17822
0.054453	0.054453
-0.070506	-0.070506
0.037059	-0.041963
0.10198	0.074578
0.22178	0.22178
0.20611	0.20611
0.1318	0.054842
-0.060514	-0.060514
-0.10815	-0.1655
0.073189	-0.048968
0.086529	-0.048318
0.12299	0.03813
0.094482	0.045642
0.17524	0.15715
0.10638	-0.0024345
0.066202	-0.0457
0.10601	0.050007
0.1833	0.1833
0.16137	0.16137
0.17216	0.10064
0.11264	0.11264
0.18576	0.18576
0.20929	0.18869
0.13191	0.13191
0.26274	0.23701
0.1908	0.082809
0.017232	-0.11715
0.056971	0.056971
0.15048	0.13706
0.17826	0.17826
0.27131	0.24461
0.30095	0.25718
0.10745	0.031664
0.099491	0.00085302
0.1345	0.10843
0.045951	0.045951
-0.073072	-0.017369
0.23646	0.19309
0.16146	0.13392
-0.09296	-0.12212
0.1245	0.10179
0.17697	0.17697
0.041871	0.041871
0.0024959	0.0024959
0.045959	0.045959
-0.01139	-0.01139
0.10146	0.10146
0.176	0.12921
-0.0056806	-0.0056806
0.21283	0.15842
0.13874	0.074463
0.12871	0.12871
0.44444	0.39331
-0.13182	-0.13182
-0.089199	-0.096688
0.14069	0.092378
0.017696	0.015728
-0.07522	-0.07522
0.30332	0.30332
0.33081	0.31769
0.2512	0.19048
0.086438	0.086438
-0.027049	-0.027049
-0.11145	-0.11145
0.18644	0.15554
0.20375	0.18725
0.034663	0.034663
0.17402	0.17197
-0.075446	-0.075446
-0.066167	-0.066167
0.076468	0.076468
0.060776	0.060776
0.14803	0.10718
0.085785	0.085785
0.038535	0.038535
0.10155	0.10155
-0.19613	-0.19613
-0.18949	-0.18949
0.22829	0.22829
-0.073894	-0.073894
0.11698	0.11698
0.10656	0.10656
0.022949	0.022949
0.06537	0.06537
0.17356	0.17356
0.14922	0.14922
0.16289	0.16289
0.12534	0.12534
0.00071966	0.00071966
0.10649	0.10649
0.17892	0.17892
0.13969	0.13969
0.12764	0.12764
-0.096351	-0.096351
-0.14461	-0.14461
-0.24195	-0.24195
-0.053867	-0.053867
-0.063981	-0.063981
0.1566	0.16384
-0.10244	-0.10244
-0.090056	-0.090056
-0.19808	-0.14699
-0.13161	-0.13161
-0.14132	-0.14132
0.027756	0.033198
-0.041862	-0.041862
-0.1481	-0.1481
-0.082886	-0.082886
-0.023083	-0.023083
0.0064372	0.0064372
-0.052288	-0.052288
-0.091863	-0.091863
-0.24688	-0.24688
-0.090951	-0.090951
-0.15768	-0.15768
-0.22238	-0.22238
-0.14296	-0.14296
-0.067113	-0.067113
0.14429	0.14429
-0.3119	-0.3119
-0.13352	-0.13352
-0.03133	-0.03133
-0.035147	-0.035147
-0.14922	-0.14922
-0.15773	-0.15773
-0.090281	-0.090281
-0.10856	-0.093808
-0.15847	-0.15847
-0.055598	-0.055598
-0.020946	-0.020946
-0.069039	-0.069039
-0.14415	-0.14415
-0.035989	-0.035989
0.011924	0.011924
-0.24005	-0.24005
-0.11467	-0.11467
-0.083998	-0.083998
-0.053992	-0.053992
-0.036848	-0.036848
0.011243	0.011243
-0.017277	-0.017277
-0.12926	-0.12926
-0.18982	-0.18982
-0.04269	-0.04269
-0.077764	-0.077764
-0.078069	-0.078069
-0.16925	-0.16925
-0.0091155	-0.0091155
-0.056743	-0.056743
0.017833	0.017833
-0.048114	-0.048114
-0.10867	-0.10109
-0.0055616	-0.0055616
0.078563	0.078563
0.035862	0.035862
-0.025835	-0.025835
-0.023804	-0.0030371
0.14702	0.14702
0.18642	0.17421
0.081348	0.081348
-0.018034	-0.018034
0.059814	0.059814
0.026407	0.026407
0.13137	0.13137
0.050902	0.050902
-0.080099	-0.080099
0.11187	0.11187
0.02234	0.02234
0.057468	0.057468
-0.0040168	-0.0040168
0.037562	0.037562
-0.056416	-0.056416
0.065259	0.065259
-0.10957	-0.10957
0.043764	0.043764
-0.041805	-0.041805
0.023491	0.023491
0.18273	0.18273
0.049632	0.049632
-0.013121	-0.013121
-0.13914	-0.13914
-0.052364	-0.052364
-0.020097	-0.020097
0.076001	0.096152
0.033533	0.033533
-0.079968	-0.079968
0.093459	0.093459
-0.011861	-0.011861
-0.086537	-0.058544
0.022394	0.022394
0.0046368	0.0046368
0.015382	0.020781
0.044386	0.044386
-0.067137	-0.067137
-0.015472	-0.015472
0.019816	0.019816
-0.024155	-0.024155
-0.074797	-0.074797
-0.17811	-0.17811
-0.20383	-0.20383
-0.0027642	-0.0027642
-0.050306	-0.050306
0.001676	0.001676
-0.0013871	-0.0013871
-0.017905	-0.017905
0.010151	0.010151
-0.076091	-0.046538
-0.10774	-0.10774
-0.03352	-0.03352
0.069676	0.069676
0.049859	0.049859
-0.011325	-0.011325
-0.01843	-0.01843
-0.0098811	-0.0098811
-0.041935	-0.041935
-0.0025744	-0.0025744
-0.018755	-0.018755
0.051409	0.051409
-0.040527	-0.040527
0.07699	0.07699
0.00922	0.00922
-0.0058279	-0.0058279
-0.011237	-0.011237
-0.20151	-0.18942
0.049516	0.049516
-0.030367	-0.030367
0.076288	0.076288
-0.10766	-0.10766
-0.10407	-0.10407
0.15486	0.15486
0.019984	0.019984
-0.011417	-0.011417
-0.093832	-0.093832
-0.076235	-0.076235
-0.089913	-0.089913
0.077396	0.077396
-0.14043	-0.14043
-0.12937	-0.12937
-0.092293	-0.092293
-0.099627	-0.099627
-0.086289	-0.086289
-0.058312	-0.058312
0.045552	0.045552
0.083228	0.083228
0.075868	0.075868
-0.21163	-0.21163
-0.046491	-0.046491
-0.052245	-0.052245
0.076134	0.076134
0.028028	0.028028
-0.0011093	-0.0011093
0.063205	0.063205
-0.080664	-0.080664
0.030291	0.030291
-0.01034	-0.01034
0.031627	0.031627
-0.10131	-0.10131
-0.1028	-0.1028
0.034404	0.034404
-0.11223	-0.11223
-0.020529	-0.020529
-0.1228	-0.1228
-0.070388	-0.070388
0.11747	0.11747
-0.04875	-0.04875
0.050378	0.050378
0.031667	0.031667
-0.0069711	0.0019972
-0.0062544	-0.0062544
0.042253	0.04542
0.067923	0.067923
-0.10292	-0.10292
-0.050818	-0.050818
0.12119	0.12119
0.016921	0.016921
-0.01734	-0.01734
0.091613	0.091613
-0.039655	-0.039655
0.026606	0.026606
-0.029732	-0.029732
-0.027805	-0.0023428
-0.0061267	-0.0061267
-0.036909	-0.036909
-0.042523	-0.042523
0	0
0.011127	0.011127
-0.030066	-0.030066
-9.79E-05	-9.79E-05
0.05668	0.05668
0.05302	0.05302
-0.041772	-0.041772
0.085613	0.085613
-0.03039	-0.03039
-0.089642	-0.089642
0.075765	0.075765
0.041806	0.041806
-0.071739	-0.071739
-0.050748	-0.050748
0.2891	0.2891
-0.071221	-0.071221
-0.062249	-0.062249
0.021611	0.021611
0.14627	0.14627
0.069972	0.069972
-0.010994	-0.010994
0.019896	0.019896
-0.062595	-0.062595
-0.046277	-0.046277
0.073856	0.073856
0.10554	0.10554
-0.057243	-0.057243
0.0019766	0.0019766
0.029648	0.01784
0.11037	0.11037
0.040342	0.040342
0.1141	0.1141
0.058777	0.058777
0.23415	0.23415
0.045134	0.045134
0.11869	0.11869
-0.12489	-0.12489
-0.075951	-0.075951
0.043773	0.043773
0.14876	0.14876
-0.057605	-0.057605
0.14978	0.14978
0.067548	0.067548
0.09129	0.09129
-0.070761	-0.070761
-0.043078	-0.043078
0.021825	0.021825
0.066025	0.066025
0.10832	0.10832
0.087937	0.087937
-0.067348	-0.067348
-0.017925	-0.017925
-0.010684	-0.010684
0.072185	0.072185
0.030956	0.030956
0.13657	0.13657
0.24123	0.24123
0.066433	0.066433
-0.0038656	-0.0038656
-0.020107	-0.020107
0.062645	0.062645
0.066185	0.066185
-0.014603	-0.014603
-0.10353	-0.10353
-0.036528	0.041658
-0.14352	-0.14352
0.0099344	0.0099344
0.00025582	0.017943
-0.1864	-0.1864
0.0064517	0.0064517
0.044275	0.044275
0.26689	0.26689
0.072552	0.072552
0.085467	0.085467
0.01868	0.027313
-0.025651	-0.0079162
0.020647	0.020647
-0.080103	-0.073153
-0.058831	-0.058831
-0.11026	-0.11026
-0.15976	-0.12402
-0.10519	-0.10519
-0.1576	-0.1576
0.034761	0.034761
-0.065548	-0.042487
0.037623	0.037623
-0.060828	-0.060828
-0.037411	-0.028029
-0.13735	-0.10787
0	0
-0.1561	-0.056061
-0.088119	-0.079757
-0.12965	-0.12965
-0.15306	-0.10685
0	0
-0.0067285	0.0033285
0	0
-0.15724	-0.11878
-0.14617	-0.11967
-0.11328	-0.11328
-0.04267	-0.04267
0	0
-0.15328	-0.11999
-0.01781	-0.01781
-0.14181	-0.14181
0.01837	0.13479
-0.091398	-0.0052832
-0.067314	0.018936
-0.027018	-0.0097028
0	0
-0.090416	-0.090416
-0.20748	-0.16983
-0.074546	-0.074546
-0.12783	-0.088566
-0.14826	-0.11623
-0.050062	-0.025033
0.065723	0.065723
0	0
0.018203	0.018203
0	0
0.0086992	0.0086992
-0.044591	-0.044591
-0.17401	-0.17401
-0.10622	-0.10622
0	0
0.042071	0.058201
-0.098946	-0.074823
0	0
-0.0069113	0.0032883
0	0
0	0
-0.0059191	0.015922
-0.14229	-0.14229
-0.20485	-0.20485
0	0
-0.11226	-0.078564
-0.017339	-0.017339
0	0
-0.067905	-0.067905
0.074471	0.074471
-0.11072	-0.087251
-0.056262	-0.016757
0.1877	0.1877
-0.15483	-0.15483
-0.1009	0.0041934
0	0
-0.11259	-0.11259
-0.051576	-0.051576
0.1073	0.1073
-0.057332	-0.057332
0.13769	0.13769
0.055108	0.056458
0.0016697	0.0016697
-0.10385	-0.10385
0.056734	0.056734
-0.10476	-0.10476
-0.0054272	-0.0054272
-0.066814	-0.066814
-0.064784	-0.064784
0.014816	0.014816
0.060203	0.060203
-0.0016333	0.011395
-0.037344	-0.037344
0.025244	0.025244
0.049012	0.074907
-0.12951	-0.12951
-0.0085578	-0.0085578
-0.03917	-0.03917
-0.038096	-0.02756
0	0
0.075371	0.081246
0.016143	0.016143
-0.042714	-0.042714
-0.039521	-0.039521
0	0
0.011555	0.011555
0.054338	0.054338
0	0
-0.079478	-0.043721
-0.10273	-0.10273
0	0
0.032372	0.05737
0.043922	0.043922
-0.03559	-0.03559
-0.062216	-0.062216
0	0
-0.028411	-0.028411
-0.061723	-0.061723
0	0
0.052008	0.069405
0.0022299	0.0022299
0.0062239	0.031242
-0.015527	-0.015527
-0.034816	-0.034816
0.047633	0.047633
0.27547	0.27547
-0.022281	-0.022281
-0.11947	-0.11947
-0.057881	-0.057881
0.093434	0.093434
-0.048434	-0.048434
0	0
0.071467	0.071467
0.047734	0.047734
-0.1447	-0.1447
0.16663	0.16663
0.37036	0.37036
0.081707	0.081707
0.024083	0.024083
-0.0023426	-0.0023426
0.02197	0.020316
0.062298	0.062298
0.081992	0.081992
0.12585	0.069588
0.16612	0.16612
0.16797	0.16797
0.030836	0.018083
0.014975	0.014975
0.13129	0.13129
0.14753	0.14753
0.11371	0.10248
0.044993	-0.0021328
0.086001	0.019524
0.10008	0.092725
-0.0030782	-0.0030782
0.25462	0.23511
0.091675	0.045267
0.16642	0.13058
0.13579	0.10976
0.05956	0.05956
0.25068	0.25068
-0.041804	-0.041804
0.14568	0.10003
0.089384	0.040142
0.19602	0.19602
0.11572	0.11572
0.03536	-0.067341
0.091401	0.091401
0.030464	0.030464
0.082721	0.082721
0.036748	0.036748
0.14019	0.14019
0.009831	0.009831
0.11245	0.11245
0.16211	0.16211
-0.039348	-0.039348
0.13198	0.13198
0.065163	0.065163
0.027202	0.027202
-0.0045649	-0.0045649
0.10493	0.10493
0.11462	0.11462
0.036617	0.036617
0.14243	0.14243
0.10776	0.10776
0.063393	0.063393
-0.0097062	-0.038008
-0.0077678	-0.0077678
-0.07395	-0.07395
0.097795	0.097795
0.037095	0.037095
0.10432	0.10432
0.14715	0.14715
0.03221	0.03221
0.047007	0.047007
0.062426	0.04198
0.021335	0.021335
0.054876	0.054876
0.069685	0.069685
-0.039962	-0.022558
0.074667	0.074667
-0.019664	-0.019664
-0.14555	-0.14555
-0.070647	-0.070647
0.03881	0.03881
0.041242	0.041242
-0.012983	-0.012983
0.035128	0.035128
0.10959	0.10959
0.13903	0.13903
0.13426	0.13426
-0.12121	-0.12121
-0.0089967	-0.0089967
0.026924	0.026924
-0.084197	-0.084197
0.039845	0.039845
-0.15874	-0.15874
-0.033285	-0.039616
0.12072	0.12072
0.056338	0.056338
-0.18527	-0.18527
0.076492	0.076492
0.043449	0.043449
0.020886	0.020886
0.046415	0.046415
0.033646	0.033646
-0.080277	-0.080277
0.037646	0.037646
0.046158	0.046158
0.11158	0.11158
0.077273	0.077273
0.096607	0.096607
0.041587	0.041587
0.035892	0.035892
0.091143	0.091143
-0.0095579	-0.0095579
0.13541	0.13541
0.23919	0.23919
0.089476	0.089476
0.12452	0.11934
0.074071	0.074071
0.048617	0.048617
0.034483	0.034483
0.093004	0.093004
0.04106	0.04106
-0.063757	-0.063757
-0.040973	-0.040973
-0.00097723	-0.00097723
-0.00021932	-0.00021932
0.042927	-0.0042103
0.12489	0.12489
0.075484	0.075484
0.11469	0.11469
0.094946	0.094946
0.027576	0.027576
0.056611	0.056611
0.10953	0.10953
0.029132	0.021096
0.053108	0.053108
0.052631	0.052631
0.1145	0.1145
0.038769	0.038769
0.0062437	0.0062437
0.088978	0.088978
0.077621	0.077621
0.016794	0.016794
0.1041	0.1041
0.11286	0.11286
0.11519	0.11519
0.015271	0.015271
0.032861	0.032861
-0.058969	-0.073511
-0.025582	-0.025582
0.062722	0.062722
-0.0026281	-0.0026281
-0.0080468	-0.0080468
0.069328	0.069328
-0.023399	-0.023399
0.014166	0.014166
-0.095231	-0.095231
0.026212	0.026212
0.13427	0.13427
0.2075	0.2075
0.1872	0.1872
0.10073	0.10073
0.029953	0.029953
-0.021285	-0.021285
0.011523	0.011523
-0.051023	-0.051023
0.015067	0.015067
-0.099748	-0.099748
-0.089273	-0.089273
-0.065862	-0.065862
-0.096023	-0.10208
-0.13143	-0.13143
0.1268	0.1268
0.010616	0.010616
-0.12439	-0.12439
-0.028824	-0.028824
-0.12317	-0.12317
-0.026838	-0.026838
-0.030882	-0.030882
0.035132	0.035132
0.10397	0.10397
-0.14525	-0.192
-0.1738	-0.1738
0.11845	0.11845
0.075528	0.075528
0.0093738	0.0093738
0.010763	0.010763
0.12975	0.12975
0.11346	0.11346
0.082158	0.082158
-0.10257	-0.10257
-0.011827	0.016293
0.05436	0.05436
-0.075007	-0.075007
-0.0032072	-0.0032072
-0.019621	-0.019621
-0.16594	-0.16594
0.011143	0.016007
0.091908	0.091908
0.1436	0.1436
0.0053885	0.0053885
-0.010591	0.0071624
0.027161	0.027161
0.06648	0.06648
0.065791	0.065791
-0.20349	-0.20349
-0.026775	-0.026775
0.07355	0.084787
0.0090279	0.0090279
-0.054036	-0.054036
-0.0070085	-0.0070085
0.074241	0.074241
-0.0020808	-0.0020808
0.0772	0.0772
-0.060407	-0.060407
-0.030481	-0.030481
-0.0084339	-0.0084339
-0.086985	-0.086985
0.0086726	0.0086726
0.076965	0.076965
0.053628	0.053628
0.090209	0.090209
-0.056216	-0.056216
-0.083189	-0.083189
0.022192	0.022192
0.055672	0.055672
-0.013511	-0.013511
-0.079705	-0.079705
-0.098521	-0.098521
-0.077403	-0.077403
0.033761	0.033761
-0.0030025	-0.0030025
-0.00072618	-0.00072618
0.020075	0.020075
-0.0048976	-0.0048976
-0.018518	-0.018518
0.15354	0.15354
-0.013946	-0.013946
0.011741	0.011741
0.11046	0.11046
-0.1173	-0.1173
-0.04518	-0.04518
-0.074888	-0.074888
0.055826	0.055826
-0.052797	-0.052797
0.12273	0.12273
-0.032349	-0.032349
0.038272	0.038272
-0.017189	-0.017189
-0.13531	-0.13531
-0.075133	-0.075133
-0.10383	-0.10383
-0.0053634	-0.0053634
-0.082971	-0.082971
0.13452	0.13452
0.15416	0.15416
0.19983	0.19983
0.1781	0.1781
0.09836	0.09836
0.15755	0.15755
0.08267	0.08267
-0.075577	-0.075577
0.065129	0.065129
0.13178	0.13178
-0.011992	-0.011992
0.20827	0.20827
0.045054	0.045054
-0.077078	-0.077078
0.038181	0.038181
0.087326	0.087326
-0.19334	-0.19334
-0.032454	-0.032454
0.0030356	0.0030356
-0.063546	-0.063546
-0.15947	-0.15947
0.45907	0.45801
-0.048038	-0.048038
-0.14659	-0.14659
0.095059	0.095059
0.021261	0.021261
-0.021917	-0.021917
0.042439	0.042439
0.39333	0.38914
-0.067204	-0.067204
-0.088191	-0.088191
-0.23323	-0.23323
0.044411	0.044411
0.0087968	0.0087968
0.12437	0.12437
0.095157	0.095157
-0.073727	-0.073727
-0.050108	-0.063772
0.095491	0.095491
0.01152	0.01152
-0.0017597	-0.0061626
0.11432	0.11432
0.045897	0.045897
0.00043664	0.00043664
0.19608	0.19608
0.034109	0.034109
0.098365	0.098365
0.0065302	0.0065302
-0.13145	-0.13145
0.010246	0.010246
0.023623	0.023623
0.13606	0.13606
0.0064257	0.0064257
0.090438	0.090438
0.10173	0.10173
0.084022	0.084022
0.069127	0.069127
-0.074656	-0.074656
-0.048467	-0.078393
0.072966	0.072966
0.15976	0.15976
-0.015465	-0.015465
0.13403	0.13403
0.044567	0.044567
0.044906	0.044906
-0.012291	-0.012291
-0.027378	-0.027378
-0.034756	-0.034756
0.03123	0.019635
0.020661	0.020661
0.0077654	0.0077654
0.15802	0.15802
0.19952	0.19952
0.096481	0.096481
0.14114	0.14114
0.1079	0.1079
-0.055616	-0.055616
-0.082974	-0.082974
0.041286	0.026284
0.059516	0.052272
0.079037	0.073764
-0.0036184	-0.0036184
0.19834	0.19104
0.1493	0.1493
0.098418	0.098418
0.1088	0.1088
0.047501	0.047501
0.050596	0.050596
0.068848	0.062276
-0.052202	-0.052202
-0.029903	-0.029903
0.010175	0.010175
0.17946	0.17946
-0.10907	-0.11719
0.035684	0.035684
0.096092	0.096092
0.12143	0.12143
-0.074869	-0.074869
0.17016	0.17016
0.074293	0.074293
-0.040863	-0.040863
0.17337	0.17337
0.14031	0.14031
0.13619	0.13619
-0.00050675	-0.0078989
0.054382	0.054382
0.027987	0.027987
0.079025	0.079025
0.12923	0.12923
0.079661	0.079661
0.014718	0.014718
0.058938	0.058938
0.054982	0.054982
0.068614	0.048061
-0.097453	-0.097453
0.10882	0.078139
-0.0062669	-0.028881
-0.13037	-0.18082
0.044756	0.044756
0.049615	0.049615
-0.13563	-0.13563
-0.038294	-0.038294
0.044635	0.044635
-0.04533	-0.04533
-0.10606	-0.10606
-0.13367	-0.13367
-0.11424	-0.11424
-0.20183	-0.20183
-0.12641	-0.12641
-0.2331	-0.2331
-0.2547	-0.2547
-0.073808	-0.023197
-0.046206	-0.046206
-0.15748	-0.15748
-0.029955	-0.029955
-0.14135	-0.14135
-0.012469	-0.012469
-0.078047	-0.078047
-0.14292	-0.14292
0.10231	0.10231
-0.059719	-0.059719
-0.029307	-0.029307
-0.087738	-0.087738
-0.021878	-0.021878
-0.090246	-0.090246
-0.11902	-0.11902
-0.12373	-0.12373
-0.028185	-0.028185
-0.12031	-0.12031
-0.048164	-0.048164
-0.041341	-0.041341
0.059663	0.059663
0.0090969	0.0090969
-0.12236	-0.12236
0.057376	0.057376
0.10395	0.10395
0.0044785	0.0044785
-0.1426	-0.1426
-0.0052413	-0.0052413
0.20486	0.20486
-0.040897	-0.040897
-0.0013291	-0.0013291
0.043404	0.043404
0.010646	0.010646
0.19363	0.19363
0.0012413	0.018606
0.11629	0.11629
0.21613	0.21613
0.12574	0.12574
0.058599	0.058599
0.080326	0.080326
0.012327	0.012327
-0.2104	-0.2104
0.16839	0.16839
0.19631	0.19631
0.14958	0.14958
0.11847	0.11847
0.050859	0.050859
0.18534	0.18534
0.046104	0.046104
0.10349	0.10349
0.010516	0.010516
0.08652	0.08652
0.19527	0.19527
0.17588	0.17588
0.0923	0.0923
0.098991	0.098991
0.20436	0.20436
0.068991	0.068991
0.32239	0.32239
0.12659	0.12659
-0.037062	-0.037062
0.37103	0.37103
0.23042	0.23042
0.11312	0.11312
0.10968	0.10968
0.22822	0.22822
0.14119	0.14119
0.11076	0.11076
0.22168	0.22168
0.12002	0.12002
0.17098	0.17098
0.12262	0.12262
0.18353	0.18353
0.09331	0.09331
0.22475	0.22475
0.1417	0.1417
0.21876	0.21876
0.21851	0.21851
0.1314	0.1314
0.22519	0.22519
0.14657	0.14657
0.041842	0.041842
0.097155	0.097155
0.18672	0.18672
0.16633	0.16633
0.089797	0.089797
0.24858	0.24858
0.018968	0.018968
0.24166	0.24166
-0.092412	-0.092412
0.22876	0.22876
0.15379	0.13776
0.29808	0.29808
0.22064	0.22064
0.13274	0.13274
0.29303	0.29303
0.31453	0.28754
0.40409	0.40409
0.4198	0.4198
0.3494	0.3494
0.31922	0.31256
0.059287	0.059287
0.20609	0.20609
0.27731	0.27731
0.19505	0.19459
0.18282	0.18282
0.37654	0.37654
0.28628	0.28628
0.13646	0.13646
0.21955	0.21955
0.19067	0.19067
0.020112	0.020112
-0.040339	-0.040339
0.48356	0.48356
0.41649	0.41649
0.37101	0.37101
0.3196	0.3196
0.2293	0.22139
0.26764	0.24574
0.16965	0.16965
0.26216	0.25039
0.45961	0.45961
0.31008	0.31008
0.3806	0.3687
-0.28169	-0.28169
0.17233	0.17233
0.56007	0.56007
0.17848	0.1733
0.08907	0.08907
0.30376	0.30376
0.22652	0.22081
0.16925	0.16925
0.41798	0.41798
0.44707	0.44707
0.098877	0.09702
0.19119	0.19119
0.16131	0.16131
0.18044	0.18044
-0.0069742	-0.0069742
0.1926	0.1926
0.14086	0.14086
0.09901	0.09901
-0.051367	-0.051367
-0.047951	-0.052109
0.19009	0.17251
0.22061	0.20147
-0.0018816	-0.0018816
0.12434	0.12434
-0.044939	-0.044939
0.12961	-0.01241
-0.10926	-0.10926
0.10398	0.10047
0.016056	0.016056
-0.067817	-0.067817
-0.087894	-0.087894
-0.01629	-0.01629
0.17786	0.17786
-0.013391	-0.013391
0.13421	0.13421
-0.094224	-0.094224
0.047251	0.047251
-0.10994	-0.10994
0.073866	0.073866
-0.071717	-0.071717
-0.01807	-0.031882
-0.058465	-0.058465
-0.063315	-0.063315
0.10247	0.10247
0.09281	0.09281
0.034176	0.034176
-0.27972	-0.27972
0.10472	0.10472
-0.020417	-0.020417
-0.10518	-0.10518
0.0002369	0.0002369
-0.0011228	-0.0011228
0.15598	0.15598
-0.14259	-0.14259
0.023237	0.033501
0.082968	0.082968
0.04569	0.04569
0.10649	0.10649
0.36324	0.36324
-0.011754	-0.011754
-0.13271	-0.13271
-0.046301	-0.046301
-0.0042724	-0.0042724
-0.14786	-0.18884
-0.15264	-0.15264
-0.11076	-0.11076
-0.12896	-0.12896
0.031373	0.031373
-0.21707	-0.21707
-0.058405	-0.058405
-0.10098	-0.10098
-0.038424	-0.038424
-0.028335	-0.028335
-0.081779	-0.081779
-0.02746	-0.02746
-0.22887	-0.22887
-0.026338	-0.026338
-0.084278	-0.084278
-0.014222	-0.014222
-0.052648	-0.052648
-0.019026	-0.019026
-0.18809	-0.18809
0.040818	0.040818
0.16602	0.16602
-0.0074226	-0.0074226
-0.065811	-0.065811
-0.17645	-0.17645
-0.0048824	-0.0048824
0.16414	0.16245
-0.21088	-0.21088
-0.0035297	-0.0035297
0.074516	0.074516
0.018627	0.045641
-0.14647	-0.14647
0.040437	0.040437
-0.019045	-0.019045
-0.022424	-0.022424
0.17091	0.17091
0.24934	0.24934
0.055199	0.055199
0.00168	0.00168
-0.080989	-0.080989
0.0017457	0.0017457
-0.024907	-0.024907
-0.10118	-0.10118
-0.10427	-0.077259
-0.047126	-0.047126
0.036283	0.036283
0.051642	0.051642
-0.040274	-0.040274
-0.055563	-0.055563
-0.057409	-0.057409
-0.074098	-0.074098
-0.065104	-0.065104
-0.017963	-0.017963
0.077203	0.077203
-0.22113	-0.22113
-0.20118	-0.20118
0.077926	0.077926
-0.083325	-0.083325
-0.014353	-0.014353
0.052232	0.052232
0.023242	0.023242
0.0013438	0.0013438
0.1234	0.1234
-0.12565	-0.12565
-0.052405	-0.052405
0.15475	0.15475
-0.074149	-0.074149
-0.029832	-0.029832
0.075287	0.075287
-0.15744	-0.090826
0.019829	0.032928
0.068284	0.068284
-0.0057834	-0.0057834
0.14099	0.14099
-0.021903	-0.019154
0.031841	0.031841
0.19809	0.13961
0.012257	0.012257
0.021533	0.021533
0.063922	0.063922
0.036887	0.036887
0.21067	0.21067
0.09483	0.09483
0.1477	0.1477
0.031728	0.031728
0.02759	0.02759
-0.069593	-0.069593
-0.18617	-0.18617
0.118	0.118
0.15445	0.15445
-0.040077	-0.040077
-0.026615	-0.026615
0.029936	0.029936
-0.057803	-0.057803
0.13847	0.13847
0.34352	0.3353
0.12052	0.12052
0.04821	0.04821
-0.0017065	-0.0017065
0.045761	0.045761
-0.023064	-0.023064
0.12907	0.12907
-0.036445	-0.036445
-0.070946	-0.070946
0.014289	0.014289
0.33649	0.33649
0.15374	0.15374
-0.060947	-0.060947
-0.062412	-0.062412
-0.080828	-0.092739
0.30726	0.27347
0.32002	0.27137
0.19148	0.19148
0.13377	0.12569
0.19212	0.18935
0.28449	0.28449
0.22847	0.22847
0.18521	0.1777
0.087294	0.078489
0.35454	0.35454
0.1663	0.1663
0.068218	0.050725
0.13531	0.13531
0.13501	0.13501
0.080457	0.080457
0.10337	0.10337
0.093802	0.093802
0.047001	0.047001
0.14201	0.14201
0.085773	0.085773
0.014206	0.014206
0.029031	0.029031
0.086466	0.086466
0.059447	0.059447
0.13187	0.13187
-0.046514	-0.046514
0.10502	0.10502
-0.0065224	-0.029902
0.033308	-0.014855
0.0060793	-0.015139
0.027546	0.024669
-0.012783	-0.012783
0.12546	0.12546
0.042991	0.042991
0.003889	0.003889
0.01664	0.01664
0.028382	0.024628
0.018593	0.018593
0.10632	0.10632
-0.053145	-0.053145
0.0048658	0.0048658
-0.022291	-0.022291
0.13436	0.13436
-0.17371	-0.20115
0.045997	0.045997
0.23581	0.23581
0.096571	0.096571
-0.0077462	-0.0077462
0.13676	0.13676
-0.01959	-0.01959
-0.08343	-0.08343
0.014957	0.014957
-0.0012128	-0.0012128
-0.1318	-0.1318
0.034491	0.034491
0.0042187	0.036809
-0.010337	-0.010337
0.049258	0.049258
-0.12409	-0.12409
0.0041339	0.0041339
0.16978	0.16978
0.010919	0.010919
-0.015287	-0.015287
0.040403	0.040403
-0.0061812	-0.0061812
-0.0065841	-0.0065841
0.21448	0.14159
-0.058999	-0.058999
-0.063737	-0.063737
-0.0071478	-0.0071478
0.026475	0.026475
-0.0020131	-0.0020131
0.0023759	0.0023759
0.14221	0.14221
0.20255	0.20255
0.14689	0.14689
0.027809	0.027809
0.021969	0.021969
0.094781	0.094781
0.0091985	0.0091985
-0.055135	-0.055135
0.094728	0.094728
0.03171	0.03171
-0.047541	-0.047541
-0.064934	-0.064934
-0.048097	-0.048097
0.050721	0.050721
-0.025599	-0.057
-0.059651	-0.059651
-0.02759	-0.02759
-0.04268	-0.040415
0.057178	0.057178
-0.018408	-0.018408
-0.035902	-0.035902
-0.095246	-0.095246
-0.025926	-0.025926
-0.053583	-0.053583
-0.17926	-0.17926
-0.040287	-0.040287
-0.065296	-0.065296
-0.040371	-0.040371
-0.052036	-0.052036
-0.044531	-0.044531
0.030152	0.030152
-0.20494	-0.20494
0.060332	0.060332
-0.13115	-0.13115
-0.070499	-0.070499
0.028693	0.028693
0.046746	0.046746
-0.089876	-0.089876
-0.141	-0.141
-0.07878	-0.07878
-0.1934	-0.1934
-0.099755	-0.099755
-0.069095	-0.069095
-0.017886	-0.017886
-0.047887	-0.047887
-0.15472	-0.15472
-0.092711	-0.092711
-0.079453	-0.079453
-0.27026	-0.27026
-0.065184	-0.065184
-0.056998	-0.056998
-0.086354	-0.086354
-0.078191	-0.078191
-0.16494	-0.16494
-0.059828	-0.058332
-0.21309	-0.21309
-0.09948	-0.09948
-0.18423	-0.18423
-0.063241	-0.07664
-0.075367	-0.075367
0.021686	0.021686
0.036869	0.036869
-0.050201	-0.050201
-0.18028	-0.18028
-0.04365	-0.04365
-0.13951	-0.13951
-0.076429	-0.076429
-0.065178	-0.065178
-0.11008	-0.11008
-0.11916	-0.11916
0.0097405	0.0097405
-0.21652	-0.21652
0.12014	0.12014
0.071487	0.071487
-0.025314	-0.025314
0.13609	0.13609
-0.020283	-0.020283
0.010311	0.010311
-0.00037968	-0.00037968
-0.13412	-0.13412
-0.070914	-0.070914
-0.11375	-0.11375
-0.017447	0.0074617
0.019604	0.019604
-0.14619	-0.14619
-0.25306	-0.25306
-0.0091805	-0.0091805
-0.098086	-0.098086
-0.020241	-0.020241
-0.07755	-0.07755
-0.25349	-0.25349
0.046391	0.046391
0.10775	0.10775
0.0077095	0.0077095
-0.16062	-0.16062
-0.045245	-0.045245
-0.10126	-0.10126
0	0
0.020628	0.020628
-0.03821	-0.03821
-0.039528	-0.039528
-0.02396	-0.02396
0.072404	0.072404
0.095883	0.095883
-0.0069924	-0.0069924
0.037978	0.037978
0.12751	0.12751
-0.0063004	-0.0063004
0.17472	0.17472
0.066721	0.066721
0.11556	0.11556
-0.072704	-0.072704
0.17134	0.17134
0.24434	0.24434
0.1162	0.099434
0.071479	0.071479
-0.12679	-0.12679
0.24618	0.24618
0.096191	0.096191
0.20675	0.20675
0.10319	0.10319
0.11984	0.11984
-0.014004	-0.014004
-0.029704	-0.029704
-0.034926	-0.034926
-0.0091997	-0.0091997
0.03447	0.03447
0.050909	0.050909
0.017744	0.017744
0.031063	0.031063
-0.050034	-0.050034
0.074141	0.074141
0.1184	0.1184
0.15496	0.15496
-0.0060416	-0.0060416
-0.043147	-0.043147
-0.070211	-0.070211
-0.045336	-0.045336
-0.061442	-0.061442
-0.052001	-0.052001
-0.0092355	-0.0092355
-0.08132	-0.08132
-0.046626	-0.046626
-0.10899	-0.10899
0.0054515	0.0054515
0.042777	0.042777
0.16579	0.16579
0.12833	0.12833
-0.0042523	-0.0042523
-0.0090305	-0.0090305
0.042052	0.042052
0.043705	0.043705
0.051415	0.051415
0.01842	0.01842
0.1116	0.1116
-0.029662	-0.011253
0.024852	0.042874
0.12262	0.12262
0.20158	0.20158
0.052817	0.052817
-0.0045932	-0.0045932
0.017684	0.017684
0.016146	0.016146
0.016719	0.016719
0.097911	0.097911
-0.09692	-0.09692
0.21793	0.21793
0.17661	0.17661
0.091496	0.091496
-0.10279	-0.10279
-0.011949	-0.011949
0.016384	0.016384
0.019508	0.019508
0.13614	0.13614
0.11701	0.11701
0.39256	0.39256
-0.026871	-0.026871
-0.14391	-0.14391
0.18524	0.18524
0.016902	0.016902
-0.051181	-0.051181
0.089693	0.089693
0.081657	0.081657
0.13329	0.13329
-0.085547	-0.085547
-0.071401	-0.076708
-0.011038	-0.011038
0.031052	0.031052
-0.084366	-0.084366
0.096951	0.096951
0.036573	0.036573
-0.078978	-0.078978
0.017784	0.017784
0.064888	0.064888
-0.022251	-0.022251
-0.029094	-0.029094
-0.15706	-0.15706
-0.15888	-0.15888
0.18572	0.18572
0.32524	0.32524
-0.13026	-0.13026
-0.018075	-0.018075
-0.11027	-0.11027
-0.24082	-0.24082
0.04571	0.04571
-0.16001	-0.16001
-0.11037	-0.11037
-0.0316	-0.0316
0.0084095	0.0084095
-0.19453	-0.19453
-0.19445	-0.19445
-0.19825	-0.19825
-0.1637	-0.1637
-0.13978	-0.13978
-0.026677	-0.026677
-0.19161	-0.19161
-0.20517	-0.20517
-0.12351	-0.12351
-0.082707	-0.082707
-0.1787	-0.1787
0.010463	0.010463
-0.096316	-0.096316
-0.024596	-0.024596
-0.03713	-0.03713
-0.27089	-0.27089
-0.0025775	-0.0025775
-0.059766	-0.059766
-0.027165	-0.027165
-0.068493	-0.068493
-0.18057	-0.18057
-0.25992	-0.25992
-0.22816	-0.24695
-0.1639	-0.17691
-0.16673	-0.16673
-0.1875	-0.20291
-0.024877	-0.024877
0.1343	0.1343
-0.14452	-0.14452
-0.24375	-0.24375
-0.14897	-0.14897
-0.12138	-0.12138
0.014633	0.014633
-0.16665	-0.16665
0.16761	0.15411
-0.11703	-0.11703
0.13549	0.081137
0.080763	0.074637
0.070287	0.066789
0.15847	0.12866
0.10288	0.10288
0.16391	0.16235
0.086472	0.086472
-0.010413	-0.031585
0.10768	0.053828
0.042432	0.042432
0.11133	0.040284
-0.028764	-0.050733
-0.0070434	-0.0070434
0.11959	0.11959
-0.035809	-0.035809
0.06168	0.06168
0.05908	0.05908
0.035594	0.035594
0.010786	0.0014163
0.070076	0.070076
-0.12354	-0.12697
0.22591	0.22591
-0.080992	-0.080992
0.066596	0.066596
0.10085	0.10085
0.11089	0.11089
0.14465	0.14465
0.11742	0.11742
0.10237	0.10237
-0.0025597	-0.0025597
0.047616	0.047616
0.05515	0.05515
0.022009	0.022009
0.081802	0.081802
0.11966	0.11966
0.064535	0.064535
-0.02051	-0.02051
0.037389	0.037389
0.057083	0.057083
-0.065017	-0.065017
-0.045843	-0.045843
-0.07392	-0.07392
-0.061087	-0.061087
-0.068406	-0.068406
0.11442	0.11442
0.082634	0.082634
-0.091021	-0.091021
0.047732	0.047732
0.072947	0.072947
-0.04424	-0.04424
0.043521	0.043521
0.086919	0.086919
0.061743	0.061743
-0.072077	-0.072077
-0.084425	-0.084425
0.061488	0.061488
0.071676	0.071676
0.075057	0.075057
-0.099361	-0.099361
0.01124	0.01124
-0.010326	-0.010326
-0.10703	-0.10703
0.044823	0.044823
0.17288	0.17447
0.016103	0.016103
-0.087692	-0.087692
-0.077515	-0.077515
0.0062886	0.0062886
0.023394	0.023394
0.0085307	0.0085307
-0.049825	-0.049825
0.071073	0.072641
0.064328	0.065451
-0.020393	-0.020393
0.075036	0.075036
0.01524	0.01524
-0.014824	-0.014824
0.040474	0.040474
0.052917	0.052917
-0.0032609	-0.0032609
-0.13062	-0.13062
0.01396	0.01396
0.011697	0.011697
0.165	0.165
0.14861	0.14861
-0.081943	-0.081943
0.0012434	0.0012434
-0.013597	-0.013597
-0.12659	-0.12659
-0.21024	-0.21024
-0.032765	-0.032765
-0.08943	-0.08943
0.079973	0.079973
-0.030379	-0.030379
0.016894	0.016894
-0.13406	-0.13406
-0.064722	-0.064722
0.070704	0.10248
0.029148	0.033893
-0.032776	0.012804
0.13183	0.13183
0.076275	0.076275
-0.016803	0.013094
-0.072986	-0.061239
-0.081198	-0.081198
0.023681	0.023681
-0.10981	-0.10981
0.0063185	0.0063185
-0.055718	-0.019793
-0.14989	-0.14989
0.1126	0.1126
0.051227	0.078835
0.024622	0.025689
-0.067695	-0.067695
-0.05015	-0.05015
-0.021493	0.040816
0.058243	0.058243
-0.0073606	0.057584
-0.073651	-0.073651
-0.071101	-0.071101
-0.065281	-0.065281
-0.21698	-0.21698
0.0045704	0.0045704
0.067492	0.067492
-0.036807	-0.03488
-0.065915	-0.065915
0.01325	0.01325
-0.033186	-0.033186
-0.16789	-0.1585
-0.095149	-0.095149
-0.034623	-0.034623
-0.03905	-0.03905
-0.25388	-0.25388
-0.013062	-0.013062
0.11845	0.11845
0.01801	0.01801
-0.045258	-0.054187
0.0086223	0.0086223
-0.091118	-0.091118
-0.13931	-0.13931
-0.023371	-0.023371
-0.049659	-0.049659
0.014712	0.014712
-0.13667	-0.13667
0.12832	0.12832
-0.096339	-0.096339
-0.0012782	-0.015257
0.033165	0.033165
0.034446	0.054077
-0.098521	-0.098521
-0.0050723	-0.0050723
0.13225	0.13225
0.058909	0.058909
0.0035906	0.0035906
-0.027467	-0.027467
-0.071823	-0.071823
-0.13091	-0.13091
-0.043311	-0.043311
-0.054107	-0.054107
-0.066952	-0.066952
-0.42106	-0.42106
0.010034	0.010034
0.1832	0.1832
-0.015038	-0.015038
-0.05838	-0.05838
-0.16822	-0.16822
-0.16911	-0.16911
-0.079446	-0.079446
0.079877	0.079877
-0.17931	-0.17931
-0.12401	-0.12401
-0.22458	-0.22458
-0.15817	-0.15817
-0.083757	-0.083757
0.098216	0.098216
-0.05911	-0.05911
-0.20227	-0.20227
-0.092786	-0.092786
-0.11578	-0.11578
-0.080751	-0.080751
-0.088202	-0.088202
-0.058417	-0.058417
-0.20757	-0.20757
-0.11705	-0.11705
-0.11049	-0.11049
-0.15186	-0.15186
-0.21278	-0.21278
-0.14114	-0.14114
-0.040928	-0.040928
-0.026169	-0.026169
-0.14508	-0.14508
-0.12132	-0.12132
-0.18242	-0.18242
-0.13727	-0.13727
-0.23451	-0.23451
0.027001	0.027001
-0.095723	-0.095723
-0.048354	-0.024131
-0.19405	-0.19405
-0.15225	-0.15225
-0.22575	-0.22575
-0.24753	-0.24753
-0.074873	-0.074873
-0.063795	-0.063795
-0.28214	-0.28214
-0.33705	-0.33705
-0.17381	-0.17381
-0.19658	-0.19658
-0.19798	-0.19798
-0.17541	-0.17541
-0.10614	-0.10614
-0.11494	-0.11494
-0.16864	-0.16864
-0.073033	-0.073033
-0.18927	-0.10405
-0.1266	-0.1266
-0.15403	-0.15403
-0.014589	-0.014589
0.020332	0.020332
-0.16252	-0.16252
-0.064614	-0.064614
-0.04884	-0.04884
-0.068076	-0.068076
0.06199	0.06199
-0.14191	-0.14191
-0.027185	-0.027185
-0.18631	-0.18631
-0.14285	-0.14285
-0.042243	-0.042243
-0.050304	-0.050304
-0.14523	-0.14523
-0.058454	-0.058454
-0.15895	-0.15895
0.0030915	-0.032249
-0.023514	-0.026697
-0.084122	-0.084122
-0.072234	-0.080221
-0.057789	-0.080396
-0.052263	-0.052263
-0.018083	-0.052069
0.053431	0.053431
-0.0079966	-0.10413
-0.05157	-0.053646
0.030592	-0.010903
0.00076813	-0.036805
0.053848	-0.025979
-0.028171	-0.061332
-0.052999	-0.17644
0.019083	0.019083
0.075501	0.005803
-0.060025	-0.069271
0.12601	0.12601
-0.062289	-0.068586
-0.11967	-0.11967
-0.030393	-0.030393
0.012338	0.012338
-0.051841	-0.051841
-0.098303	-0.13721
-0.16365	-0.16365
0.047554	0.047554
-0.0032609	-0.0047409
0.17928	0.17928
0.067214	0.067214
0.095981	0.095981
-0.027234	-0.027234
0.073276	0.073276
0.095681	0.095681
0.39552	0.39552
-0.01839	-0.01839
0.00037806	0.00037806
0.030351	0.042439
-0.024467	-0.024467
0.051014	0.051014
-0.023174	-0.023174
0.012043	0.012043
-0.018125	-0.018125
-0.061887	-0.061887
0.00054188	0.00054188
-0.060529	-0.060529
0.11634	0.11634
0.10772	0.13668
0.019457	0.019457
0.057438	0.057438
-0.08964	-0.059944
-0.095528	-0.078688
-0.046063	-0.046063
-0.013794	-0.013794
0.022048	0.022048
-0.12298	-0.12298
-0.013832	-0.013832
0.03856	0.03856
0.14451	0.14451
-0.021447	-0.021447
-0.17195	-0.17195
-0.10744	-0.10744
0.11633	0.11633
0.0049789	0.0049789
-0.031683	-0.031683
-0.022678	-0.022678
-0.054683	-0.038547
-0.094534	-0.094534
-0.13869	-0.12438
-0.0084395	-0.0084395
-0.11779	-0.085767
-0.16983	-0.16983
-0.17821	-0.17821
-0.28824	-0.28824
-0.094322	-0.094322
-0.14478	-0.14478
-0.18494	-0.18494
-0.1059	-0.1059
0.11046	0.11046
-0.26471	-0.26471
0.020233	0.020233
-0.045489	-0.045489
-0.040104	0.020099
0.043037	0.043037
0.022645	0.022645
0.097904	0.12557
0.0022208	0.014066
-0.083394	-0.083394
0.095696	0.095696
0.094389	0.094389
-0.012159	-0.012159
-0.036933	-0.036933
-0.030491	-0.030491
0.047562	0.047562
0.013932	0.013932
0.043957	0.062643
-0.013366	0.012026
-0.070696	-0.070696
-0.087641	-0.087641
0.010032	0.010032
-0.16675	-0.16675
-0.036989	-0.036989
0.0023443	0.0023443
-0.15598	-0.15598
-0.04838	-0.04838
0.059492	0.06199
0.018589	0.018589
0.018666	0.030603
-0.0075598	-0.0075598
-0.0043875	-0.0043875
-0.11545	-0.11545
-0.081333	-0.081333
0.014768	0.014768
-0.1225	-0.1225
-0.10898	-0.10898
-0.13627	-0.13627
0.049799	0.049799
0.035491	0.035491
-0.12116	-0.12116
-0.10911	-0.10911
0.089914	0.089914
0.080982	0.080982
-0.091078	-0.08479
-0.1141	-0.095324
-0.12352	-0.12352
-0.060807	-0.060807
-0.18189	-0.18189
-0.11687	-0.11687
-0.054856	-0.054856
-0.16452	-0.16452
-0.054354	-0.054354
-0.1176	-0.1176
-0.10247	-0.10247
-0.17208	-0.11804
0.031103	0.031103
-0.17514	-0.17514
-0.18551	-0.18551
-0.24831	-0.24831
-0.20933	-0.20933
-0.12659	-0.091159
-0.10584	-0.10584
-0.30207	-0.30207
-0.13926	-0.13926
-0.22719	-0.22719
-0.24438	-0.24438
-0.038091	-0.038091
0.08208	0.08208
-0.1059	-0.1059
-0.026794	-0.026794
-0.12867	-0.12867
-0.063142	-0.063142
-0.044534	-0.044534
-0.11986	-0.11986
-0.02065	0.0082983
-0.055563	-0.043368
0.077577	0.077577
-0.067522	-0.027976
-0.072662	-0.072662
-0.08408	-0.08408
-0.12207	-0.12207
-0.040021	0.015262
-0.066965	-0.048537
-0.25336	-0.25336
-0.054674	-0.054674
-0.089708	-0.072829
-0.0090602	-0.0090602
-0.090873	-0.090873
-0.096559	-0.096559
-0.099626	-0.096737
-0.025564	-0.025564
-0.023248	-0.0179
-0.11204	-0.11204
-0.12484	-0.12484
-0.097622	-0.097622
0.031937	0.031937
-0.058063	-0.058063
0.014898	0.014898
-0.030029	-0.030029
-0.035168	-0.035168
0.037166	0.037166
-0.040432	-0.040432
0.13414	0.13414
-0.031931	-0.031931
0.023038	0.023038
-0.049876	-0.049876
-0.042596	-0.042596
-0.02549	-0.02549
-0.041876	-0.041876
-0.078285	-0.078285
0.051221	0.051221
-0.11462	-0.11462
0.036646	0.036646
0.0051524	0.0051524
-0.023555	-0.023555
0.071742	0.071742
-0.022694	-0.022694
-0.13389	-0.13389
0.13495	0.13495
0.048108	0.048108
-0.10107	-0.10107
-0.069179	-0.069179
0.049825	0.049825
0.054204	0.054204
0.13928	0.13928
0.14099	0.14099
-0.036346	-0.036346
0.061773	0.061773
-0.0092093	-0.0092093
-0.038729	-0.038729
0.0095837	0.0095837
-0.034984	-0.034984
0.042578	0.042578
-0.035256	-0.035256
-0.11909	-0.11909
-0.093536	-0.093536
0.076191	0.076191
-0.039871	-0.039871
-0.10561	-0.10561
0.15836	0.15836
0.10779	0.10779
0.07924	0.07924
0.0045294	-0.014708
0.038778	0.038778
-0.09104	-0.09104
-0.034277	-0.034277
-0.061353	-0.061353
-0.072241	-0.072241
-0.030577	-0.030577
0.014231	0.014231
0.13269	0.13269
0.026136	0.026136
0.07995	0.07995
0.32662	0.32839
-0.024315	-0.024315
0.0023214	0.0023214
0.069785	0.069785
0.061651	0.061651
0.18359	0.18359
0.18182	0.18182
0.19245	0.19245
0.032277	0.032277
0.082679	0.082679
-0.017742	-0.017742
0.0032358	0.0032358
0.10478	0.10478
0.091121	0.091121
0.050658	0.050658
0.041875	0.041875
0.030835	0.078915
0.01429	0.01429
-0.014574	-0.014574
0.15165	0.15165
0.24218	0.24218
-0.063804	-0.063804
0.177	0.177
-0.069587	-0.069587
0.21083	0.21083
0.054908	0.054908
0.10967	0.10967
0.022491	0.022491
-0.025122	-0.025122
-0.15242	-0.13802
-0.063742	-0.063742
0.17366	0.2001
0.039977	0.039977
-0.0078693	-0.0078693
-0.045228	-0.045228
0.077967	0.077967
0.14343	0.14343
-0.15576	-0.15576
-0.085677	-0.085677
-0.069035	-0.069035
0.22837	0.22837
0.20307	0.26008
-0.053243	-0.053243
0.10456	0.10456
0.16487	0.16487
-0.08853	-0.08853
-0.04174	-0.04174
-0.070766	-0.070766
-0.03168	-0.03168
-0.081798	-0.081798
-0.14102	-0.14102
-0.18528	-0.18528
-0.20451	-0.20451
-0.098053	-0.098053
-0.08053	-0.08053
-0.031224	-0.031224
-0.055324	-0.055324
-0.19905	-0.19905
-0.25738	-0.25738
-0.04026	-0.04026
-0.094532	-0.094532
-0.079826	-0.079826
-0.080236	-0.080236
-0.36245	-0.36696
-0.093504	-0.093504
-0.051048	-0.051048
-0.037443	-0.037443
-0.15847	-0.15847
-0.23086	-0.23086
0.030973	0.030973
-0.059471	-0.059471
-0.19347	-0.19347
-0.10504	-0.10504
-0.039955	-0.039955
0.036714	0.036714
-0.059661	-0.059661
0.034902	0.034902
-0.081729	-0.081729
0.052477	0.052477
0.042186	0.05199
0.058881	0.058881
-0.020342	-0.020342
0.019118	0.019118
-0.14433	-0.14433
-0.041145	-0.041145
-0.099869	-0.099869
-0.19703	-0.19703
0.0059178	0.0059178
0.0012166	0.0012166
0.047113	0.047113
-0.1153	-0.1153
-0.21733	-0.21733
-0.12247	-0.12247
-0.063132	-0.063132
-0.063396	-0.063396
-0.042116	-0.042116
0.014933	0.014933
-0.15849	-0.15849
-0.12055	-0.12055
-0.084901	-0.084901
0.014223	0.014223
-0.047338	-0.047338
-0.03652	-0.03652
0.030903	0.030903
0.10961	0.10961
0.10418	0.10418
-0.05369	-0.05369
-0.069695	-0.069695
-0.092481	-0.092481
0.030708	0.030708
-0.0055368	-0.0055368
0.028937	0.028937
-0.1968	-0.1968
-0.017532	-0.017532
-0.059653	-0.059653
-0.041609	-0.041609
-0.036375	-0.036375
-0.010762	-0.010762
-0.2346	-0.2346
-0.2194	-0.2194
-0.22428	-0.22428
0.020388	0.020388
-0.098164	-0.098164
0.013203	0.013203
-0.094938	-0.094938
-0.20138	-0.20138
-0.13014	-0.13014
-0.23357	-0.23357
-0.18791	-0.18791
-0.20697	-0.20697
-0.18641	-0.18641
-0.10571	-0.10571
0.0073166	0.0073166
-0.15943	-0.15943
-0.12497	-0.12497
-0.12672	-0.12672
-0.035893	-0.035893
-0.074789	-0.074789
-0.12623	-0.12623
0.0056014	0.0056014
-0.17833	-0.17833
-0.12138	-0.12138
-0.19586	-0.19586
-0.2473	-0.2473
0.030741	0.030741
-0.080026	-0.080026
0.063525	0.063525
-0.036752	-0.036752
0.12505	0.12505
-0.0008549	-0.0008549
0.15113	0.15113
-0.020382	-0.020382
-0.12614	-0.12614
-0.14266	-0.14266
-0.16879	-0.16879
0.037741	0.037741
-0.22208	-0.22208
-0.15522	-0.15522
-0.059438	-0.059438
0.0012574	0.0012574
0.10506	0.10506
0.1599	0.1599
0.34426	0.34426
0.41123	0.48096
0.13601	0.13601
0.089394	0.089394
-0.036047	-0.036047
0.018416	0.018416
0.020817	0.020817
-0.015866	-0.015866
-0.025956	-0.025956
-0.0083374	-0.0083374
0.16573	0.16573
0.12498	0.12498
0.038297	0.038297
-0.045555	-0.045555
0.14905	0.14905
-0.039898	-0.039898
0.14545	0.14545
0.14872	0.14872
0.084213	0.084213
0.032997	0.032997
0.20857	0.20857
-0.035949	-0.035949
0.29446	0.29446
0.1934	0.1934
0.052656	0.052656
0.17195	0.17195
0.0040045	0.0040045
0.014419	0.014419
0.051408	0.051408
0.031278	0.031278
0.062056	0.062056
-0.037448	-0.037448
0.01773	0.01773
0.19253	0.19253
0.1782	0.1782
0.17417	0.17417
0.15009	0.15009
0.24383	0.24383
0.21729	0.21729
0.23709	0.23709
0.31693	0.31693
0.40035	0.40035
0.038093	0.038093
0.082715	0.082715
0.010014	0.010014
0.20995	0.20995
0.062439	0.062439
0.11992	0.11992
0.13987	0.13987
0.093219	0.093219
-0.040768	-0.040768
-0.026388	-0.026388
-0.058326	-0.058326
-0.038338	-0.038338
-0.039126	-0.039126
0.06257	0.06257
0.1608	0.1608
-0.0026173	-0.0026173
0.24501	0.24501
0.075259	0.075259
-0.012038	-0.012038
0.080889	0.080889
0.065047	0.065047
0.069813	0.069813
0.076544	0.076544
0.18072	0.18072
0.046206	0.046206
-0.00047931	-0.00047931
0.04904	0.04904
-0.065897	-0.065897
-0.010891	-0.010891
-0.18607	-0.18607
0.085621	0.085621
0.10954	0.10954
0.065005	0.065005
-0.092221	-0.092221
0.076875	0.076875
-0.084907	-0.084907
-0.12882	-0.12882
0.16253	0.16253
-0.13793	-0.13793
-0.053276	-0.053276
-0.024097	-0.024097
0.003171	0.003171
0.087845	0.087845
-0.040722	-0.040722
-0.058002	-0.077536
-0.11441	-0.13948
0.0021225	0.0021225
-0.022537	-0.022537
0.017405	0.017405
0.0030433	0.0030433
0.11676	0.11676
0.085775	0.085775
0.036519	0.036519
0.017382	0.017382
-0.083406	-0.083406
-0.10974	-0.10974
-0.080579	-0.080579
-0.0088378	-0.0088378
0.020011	0.020011
-0.099104	-0.099104
-0.16512	-0.16512
0.068024	0.068024
-0.019148	-0.019148
-0.045978	-0.053389
-0.018812	-0.018812
0.01674	0.01674
-0.075018	-0.075018
0.08625	0.08625
0.035674	0.035674
0.12419	0.12419
-0.021053	-0.021053
0.067252	0.067252
-0.13288	-0.13288
-0.09895	-0.12036
0.055436	0.055436
0.031939	0.031939
-0.07747	-0.07747
-0.015451	-0.015451
-0.1955	-0.1955
-0.11496	-0.11496
-0.11882	-0.11882
-0.0072165	-0.0072165
0.030061	0.030061
-0.039375	-0.039375
-0.027405	-0.027405
0.025271	0.025271
0.068561	0.068561
-0.083159	-0.083159
-0.10459	-0.10459
-0.064411	-0.064411
-0.048077	-0.057522
0.13468	0.13468
0.14727	0.14727
-0.026405	-0.026405
0.083947	0.083947
0.059083	0.059083
0.073803	0.073803
0.05307	0.05307
0.085901	0.085901
-0.11348	-0.11348
0.083672	0.056075
-0.041236	-0.041236
-0.23788	-0.23788
0.084512	0.084512
-0.0044235	-0.0044235
0.061311	0.061311
-0.077537	-0.077537
-0.093877	-0.093877
-0.16603	-0.16603
-0.11531	-0.11531
-0.017002	-0.017002
-0.009905	-0.017083
-0.046879	-0.046879
0.10646	0.10646
-0.059104	-0.059104
-0.02599	0.0050885
0.0023636	0.0023636
0.13113	0.13113
-0.052085	-0.052085
-0.053468	-0.059951
0.047438	0.047438
0	0
0.09711	0.09711
0.018771	0.018771
-0.039983	-0.039983
0.080775	0.068656
0.12397	0.12397
0.062462	0.062462
0	0
-0.048147	-0.048147
0.19534	0.19534
0	0
0	0
0.16981	0.16981
0	0
0.15652	0.15652
-0.13463	-0.13463
-0.077377	-0.077377
0.085112	0.085112
0.043627	0.043627
0.023167	0.023167
0.040216	0.040216
0	0
-0.0030974	-0.0030974
0	0
-0.095851	-0.095851
-0.10139	-0.10139
-0.0081528	-0.0081528
-0.26009	-0.26009
0	0
-0.20827	-0.20827
-0.026628	-0.026628
0	0
0.028515	0.028515
-0.036991	-0.036991
0.092448	0.092448
-0.10819	-0.10819
-0.060563	-0.060563
0	0
0	0
0.092157	0.092157
0.095776	0.095776
0.0090199	-0.016114
0.00052975	0.00052975
0.021509	0.021509
0.13203	0.13203
0.024321	0.024321
0.016309	0.016309
0.10985	0.10985
0	0
0	0
0	0
0.05906	0.05906
0	0
-0.13848	-0.13848
0.17193	0.17193
-0.018643	-0.018643
-0.10077	-0.10077
-0.011895	-0.011895
0	0
-0.022248	-0.022248
0.15207	0.15207
0.028562	0.028562
0.052325	0.052325
-0.12155	-0.12155
-0.11989	-0.11989
0.10249	0.10249
0.14921	0.14921
-0.024218	-0.024218
0	0
-0.038981	-0.038981
-0.052131	-0.052131
0.037915	0.037915
0.0062852	0.0062852
-0.0039236	0.0080067
-0.055084	-0.055084
-0.013692	-0.013692
-0.0061584	-0.0031865
-0.075059	-0.075059
0.0092332	0.0092332
0.031668	0.031668
0.053614	0.053614
0.11986	0.11986
0.013616	0.013616
0.061888	0.061888
0.13136	0.13136
-0.095419	-0.095419
-0.020585	-0.020585
0.11493	0.11493
-0.11689	-0.11689
-0.10709	-0.10709
-0.10861	-0.10861
0.021097	0.021097
-0.041322	-0.041322
0.16209	0.16209
0.2129	0.2129
-0.053701	-0.053701
0.025197	0.025197
0.13557	0.13557
-0.11961	-0.11961
0.16292	0.16292
0.22704	0.22704
0.062916	0.062916
0.025836	0.025836
-0.021111	-0.021111
-0.016993	-0.016993
-0.11343	-0.10342
-0.018978	-0.018978
0.039857	0.068782
-0.035309	-0.035309
-0.00067154	-0.00067154
-0.061962	-0.061962
0.08997	0.08997
0.0022133	0.0022133
-0.13177	-0.13177
0.010943	0.010943
0.21673	0.21673
0.17089	0.17089
-0.12795	-0.12795
0.13747	0.13747
0.11606	0.11606
0.056929	0.056929
-0.072132	-0.072132
0.18212	0.18212
0.14709	0.14709
0.15432	0.15432
0.06521	0.06521
0.14396	0.14396
-0.012333	-0.012333
0.032624	0.032624
0.03146	0.03146
0.012008	0.012008
-0.0054461	-0.0054461
-0.035329	-0.035329
0.14742	0.14742
0.077643	0.077643
0.04149	0.04149
-0.12053	-0.14198
0.0077106	-0.034965
0.019327	0.019327
0.13593	0.13593
0.18763	0.18763
-0.032115	-0.032115
-0.004987	-0.0053036
-0.036672	-0.036672
0.04171	0.030082
0.15204	0.15204
-0.035136	-0.035136
-0.1587	-0.1587
0.072345	0.014158
0.15959	0.13503
-0.054658	-0.054658
0.011641	-0.0097264
-0.053781	-0.053781
0.10167	0.10167
0.16085	0.15898
0.087993	0.087993
0.081809	0.071288
0.10629	0.10629
0.070527	0.070527
0.044569	0.011691
-0.14908	-0.14908
0.045671	0.045671
0.064616	0.064616
0.049589	0.049589
-0.066895	-0.066895
-0.03441	-0.03441
0.015215	0.015215
-0.046719	-0.09014
-0.1045	-0.1045
-0.051344	-0.051344
-0.11729	-0.11729
-0.28693	-0.28693
-0.19569	-0.19569
-0.045283	-0.045283
-0.08841	-0.08841
-0.081644	-0.081644
-0.057466	-0.06281
-0.14248	-0.14248
0.021688	0.021688
-0.14513	-0.14513
-0.06768	-0.11271
-0.070981	-0.070981
0.089016	0.089016
-0.12338	-0.12338
-0.14102	-0.14102
-0.02933	-0.041288
-0.03107	-0.03107
-0.16695	-0.19031
-0.017664	-0.017664
-0.097835	-0.097835
-0.12109	-0.12109
-0.11082	-0.11082
0.0052865	0.0052865
-0.086926	-0.086926
-0.09099	-0.09099
-0.20416	-0.20416
0.023942	0.023942
0.089994	0.089994
0.033718	0.033718
0.13519	0.13519
0.012104	0.012104
-0.12262	-0.12262
0.032204	0.032204
-0.13926	-0.13926
-0.018757	-0.047077
-0.030768	-0.030768
-0.14616	-0.14616
-0.0882	-0.0882
-0.20294	-0.20294
-0.10512	-0.10512
-0.23408	-0.23408
-0.27287	-0.27287
0.090564	0.090564
-0.20385	-0.20385
-0.1529	-0.1529
-0.0059143	-0.0059143
-0.059669	-0.059669
-0.14294	-0.14294
-0.13845	-0.13845
-0.13667	-0.13667
-0.12632	-0.12632
-0.11498	-0.11498
-0.071598	-0.071598
0.11947	0.11947
-0.04987	-0.04987
-0.1929	-0.1929
-0.20427	-0.20427
-0.13974	-0.13974
-0.14133	-0.14133
-0.0074569	-0.0074569
0.08937	0.08937
-0.091925	-0.091925
0.020987	0.020987
-0.051285	-0.051285
-0.21183	-0.21183
-0.031025	-0.031025
-0.12984	-0.12984
-0.073312	-0.073312
-0.17505	-0.17505
-0.042122	-0.042122
-0.3622	-0.3622
-0.094582	-0.094582
-0.021271	-0.021271
0.0040905	0.0040905
-0.00074616	-0.00074616
-0.074707	-0.074707
-0.056054	-0.056054
-0.075867	-0.075867
0.013437	0.013437
-0.11423	-0.11423
-0.04583	-0.04583
-0.027741	-0.027741
-0.14245	-0.14245
-0.12807	-0.12807
0.05511	0.05511
-0.041394	-0.041394
-0.13356	-0.13356
-0.32467	-0.32467
-0.016404	-0.016404
-0.10928	-0.10928
-0.17064	-0.17064
-0.32756	-0.32756
-0.23379	-0.23379
-0.020895	-0.020895
-0.17668	-0.17668
-0.031826	-0.031826
-0.14851	-0.14851
0.018222	0.044285
-0.069829	-0.069829
-0.059461	-0.059461
-0.084902	-0.084902
-0.14911	-0.14911
0.050666	0.068864
-0.053411	-0.053411
0.098659	0.098659
-0.028202	-0.028202
0.021154	0.021154
0.054382	0.058025
-0.2155	-0.2155
-0.049788	-0.049788
-0.035532	-0.014692
-0.16546	-0.16546
-0.091749	-0.091749
-0.016068	-0.016068
-0.073399	-0.073399
-0.094271	-0.094271
-0.060876	-0.060876
-0.073138	-0.073138
-0.044896	-0.044896
-0.075435	-0.075435
0.017373	0.017373
-0.2133	-0.2133
0.050011	0.050011
-0.20721	-0.20721
-0.22058	-0.22058
-0.064647	-0.064647
-0.15416	-0.15416
-0.17936	-0.17936
-0.297	-0.297
0.0092433	0.0092433
-0.10307	-0.10307
-0.10914	-0.10914
-0.1001	-0.1001
-0.28378	-0.28378
-0.23926	-0.23926
-0.22462	-0.22462
-0.046571	-0.046571
-0.10001	-0.10001
-0.055343	-0.055343
-0.12029	-0.12029
-0.193	-0.193
-0.287	-0.287
-0.092522	-0.092522
-0.094336	-0.094336
-0.13077	-0.13077
-0.15749	-0.15749
-0.062792	-0.062792
0.0044818	0.014314
-0.056846	-0.056846
-0.024523	-0.024523
-0.041315	-0.041315
-0.20593	-0.20593
-0.17166	-0.17166
-0.13874	-0.10224
-0.07572	-0.07572
-0.067239	-0.049618
-0.10708	-0.10708
-0.14809	-0.14809
-0.056867	-0.056867
-0.12839	-0.12839
-0.16867	-0.16867
-0.084689	-0.084689
-0.35011	-0.35011
-0.074789	-0.074789
-0.26001	-0.26001
-0.12735	-0.12735
-0.037609	-0.037609
-0.027529	-0.027529
-0.15913	-0.15913
0.011962	0.011962
-0.28301	-0.28301
0.0041166	0.0041166
-0.0031562	-0.0031562
-0.15826	-0.15826
-0.21602	-0.21602
-0.1115	-0.1115
-0.17561	-0.17561
-0.052942	-0.052942
-0.18543	-0.18543
-0.13335	-0.13335
0.031279	0.031279
0.29658	0.29658
-0.11307	-0.11307
-0.078417	-0.078417
-0.01446	-0.01446
0.057239	0.057239
0.05947	0.05947
0.007858	0.007858
-0.11106	-0.11106
0	0
0	0
0	0
0	0
0	0
0	0
0	0
0	0
0	0
0	0
0	0
0	0
0	0
0	0
0	0
0	0
0	0
0	0
0	0
0	0
0	0
0	0
0	0
0	0
0	0
0	0
0	0
0	0
0	0
