3535	0.19089	0.19089
3537	0.024201	0.024201
2305	-0.096906	-0.096906
145	-0.17254	-0.17254
2309	0.0032085	0.0032085
2213	-0.0021208	-0.0021208
149	-0.13955	-0.13955
3	-0.028477	-0.028477
2313	-0.053371	-0.053371
153	-0.028265	-0.028265
2317	0.14385	0.14385
3358	-0.057258	-0.057258
157	0.0045568	0.0045568
53	-0.054775	-0.054775
2321	-0.14993	-0.14993
161	-0.056345	-0.056345
57	-0.17127	-0.17127
2325	0.00064854	0.00064854
165	-0.03187	-0.03187
2221	-0.035035	-0.035035
2845	-0.022932	-0.022932
61	-0.050466	-0.050466
3491	0.036163	0.036163
685	0.043709	0.043709
689	0.048832	0.048832
2849	0.11267	0.11267
900	0.0012855	0.0012855
693	0.079118	0.079118
2853	0.065957	0.065957
2857	-0.034385	-0.034385
2229	0.0044863	0.0044863
69	0.11091	0.11091
2749	0.11791	0.11791
697	0.050577	0.050577
589	-0.14281	-0.14281
2861	-0.010223	-0.010223
701	-0.054629	-0.054629
2865	-0.14789	-0.14789
705	0.067505	0.067505
2753	0.099777	0.099777
3048	0.013049	0.013049
593	0.068223	0.068223
2306	-0.038431	-0.038431
2757	-0.018549	-0.02419
597	0.15177	0.15177
2761	-0.026648	-0.026648
3891	0.048183	0.041391
146	-0.035813	-0.035813
601	0.12232	0.12232
2765	0.13037	0.13037
605	-0.045074	-0.045074
2769	-0.00043578	-0.00043578
2310	0.050056	0.050056
150	-0.041177	-0.041177
609	0.042018	0.042018
2210	0.04581	0.04581
2500	-0.043718	-0.052021
154	-0.083353	-0.083353
2318	0.053863	0.053863
158	-0.044296	-0.044296
1286	-0.059811	-0.011815
2139	-0.11802	-0.11802
50	0.0992	0.0992
2214	0.15812	0.15812
2322	0.023072	0.023072
162	0.11244	0.11244
2218	0.010587	0.003607
2326	0.080347	0.080347
166	-0.02368	-0.051727
2846	0.0078786	0.0078786
686	0.10592	0.10592
2850	0.082605	0.072798
58	-0.035237	-0.035237
690	0.028963	0.028963
2680	0.031709	0.031709
2854	-0.053725	-0.053725
2222	0.0042766	0.0042766
62	0.064745	0.064745
2858	0.0090378	0.0090378
2226	0.053281	0.040594
66	0.043523	0.043523
698	-0.046083	-0.046083
2230	0.1597	0.1597
523	-0.035893	-0.035893
706	-0.12095	-0.12095
2750	-0.014186	-0.014186
590	0.13554	0.13554
1826	0.087024	0.087024
4296	0.012286	0.012286
2754	0.06862	0.06862
2307	-0.049189	-0.049189
147	-0.076294	-0.076294
2311	0.23665	0.23665
151	-0.005156	-0.005156
594	0.064203	0.064203
2758	-0.12899	-0.12899
598	0.14578	0.1326
2315	0.13873	0.13873
155	-0.078068	-0.078068
2319	-0.0040429	-0.0040429
2762	0.045895	0.045895
602	0.12599	0.12599
2766	0.054144	0.036505
606	0.041364	0.041364
2770	0.066274	0.066274
610	0.1251	0.1251
70	-0.079255	-0.079255
4184	0.033935	0.033935
2211	0.11075	0.11075
159	0.097544	0.097544
51	0.12099	0.12099
2215	-0.0040407	-0.0040407
55	0.15791	0.15791
2219	0.06815	0.06815
163	0.007722	0.007722
2327	-0.10058	-0.10058
59	0.070419	0.070419
2847	-0.026569	-0.026569
2223	-0.0014597	-0.0014597
63	-0.057981	-0.057981
687	0.095648	0.095648
2227	0.22018	0.22018
2525	-0.007243	-0.007243
691	-0.017783	-0.017783
2855	0.058183	0.055886
2231	0.14249	0.14249
3067	0.057594	0.057594
695	-0.024059	-0.024059
2859	-0.012454	-0.012454
71	0.10226	0.10226
591	0.30707	0.30707
2755	0.20343	0.20343
595	0.27985	0.27985
2759	0.13246	0.13246
2763	0.29391	0.26859
603	0.36477	0.36477
607	0.23417	0.23417
2767	0.22639	0.22639
2771	0.32598	0.32598
611	0.18283	0.18283
2212	0.11547	0.11547
52	0.078396	0.078396
2216	0.28028	0.28028
56	0.25898	0.25898
2220	0.19462	0.19462
60	0.15284	0.15284
3336	0.17663	0.17663
64	0.27001	0.27001
148	0.014392	-0.012435
68	0.21607	0.21607
2232	0.14735	0.14735
365	0.1605	0.16617
72	0.069594	0.069594
2752	0.089925	0.089925
592	0.18816	0.18816
2756	0.094986	0.094986
596	0.2136	0.2136
3350	0.14182	0.14182
2760	0.064362	0.064362
361	0.092313	0.092313
164	0.060607	0.060607
2764	0.17321	0.17321
604	0.11859	0.11859
2768	0.19465	0.19465
612	0.13924	0.13924
2623	0.17289	0.17289
463	0.25571	0.25571
467	0.16756	0.16756
2631	0.13622	0.13622
471	0.14477	0.14477
2635	0.29348	0.29843
2639	0.080594	0.080594
479	0.12086	0.12086
1988	0.31498	0.31498
2643	0.22698	0.22698
3895	0.1704	0.1704
3163	0.17816	0.17816
1003	0.12415	0.12415
1007	0.078675	0.078675
3171	0.10562	0.10562
3175	0.17767	0.17767
1011	0.14432	0.14432
1015	0.20271	0.20271
3179	0.25723	0.25723
1019	0.13514	0.13514
3183	0.17146	0.17146
1718	0.2567	0.2567
1023	0.049125	0.049125
2624	0.14447	0.14447
464	0.21372	0.21372
3164	0.33161	0.33161
2628	0.1523	0.1523
2632	0.25072	0.25072
472	0.0037351	0.0037351
2636	0.21227	0.21227
2640	-0.040032	-0.040032
480	0.032248	0.031874
2848	0.0061105	0.0061105
688	0.19531	0.19531
2644	0.21851	0.21851
484	0.20161	0.20161
3168	0.080644	0.080644
1008	0.13129	0.13129
3172	0.19106	0.19106
1012	0.18203	0.18203
3176	0.2529	0.2529
1020	0.14623	0.14623
1375	-0.025365	-0.025365
1377	0.10325	0.10325
2625	0.17794	0.17794
3539	-0.0063882	-0.0063882
3541	0.0081213	0.0081213
1163	-0.035665	-0.035665
4313	-0.099765	-0.099765
3931	0.019556	0.019556
1241	-0.088382	-0.088382
1552	-0.020174	-0.020174
1865	-0.019158	-0.019158
3407	0.041574	0.041574
2171	-0.052042	-0.052042
1833	-0.11955	-0.11955
2131	-0.0040303	-0.0040303
1362	0.02056	0.02056
1735	-0.0023053	-0.0023053
2484	0.029166	0.029166
648	-0.13344	-0.13344
3387	0.047584	0.047584
1226	0.083167	0.083167
293	-0.08316	-0.023083
3326	0.14862	0.14862
825	0.036556	0.036556
2019	-0.064301	-0.074543
4306	-0.12298	-0.12298
1199	0.044697	0.044697
4070	-0.03415	-0.03415
4192	-0.020697	-0.020697
2058	0.038	0.038
2135	0.056288	0.056288
3422	0.031024	0.031024
3412	-0.050398	-0.050398
311	0.023614	0.023614
2929	-0.083734	-0.083734
761	-0.035045	-0.035045
3627	0.061263	0.061263
3335	0.17188	0.17188
306	0.14002	0.14002
3666	-0.0072873	-0.0072873
843	0.035662	0.035662
3925	-0.057453	-0.057453
1151	-0.062419	-0.062419
3843	0.16797	0.16797
2012	-0.023557	-0.023557
1492	0.025856	0.025856
4310	0.056101	0.056101
3857	-0.034235	-0.034235
1333	-0.046737	-0.046737
3867	0.11003	0.11003
2477	0.16712	0.16712
4286	0.12784	0.12784
1342	0.083986	0.083986
1272	0.12237	0.12237
2127	-0.080141	-0.080141
435	-0.23954	-0.23954
4214	-0.14418	-0.14418
3741	-0.037471	-0.037471
2510	-0.0050738	-0.0050738
2165	-0.0024407	-0.0024407
1344	0.085928	0.085928
4150	0.040679	0.040679
3016	0.013423	0.013423
1234	-0.04533	-0.04533
2411	0.018047	0.018047
3527	0.033405	0.033405
971	-0.15699	-0.15699
1173	0.054471	0.054471
546	0.05361	0.05361
3766	-0.065194	-0.065194
4223	0.025303	0.025303
1249	0.043354	0.043354
2024	0.079343	0.079343
2121	-0.032027	-0.032027
1719	0.17227	0.17227
14	0.19343	0.19343
2257	0.16738	0.16738
4188	0.025141	0.025141
2922	0.025046	0.025046
1481	-0.046593	-0.046593
233	0.004473	0.004473
2814	-0.031715	-0.031715
1327	-0.044196	-0.044196
2095	-0.063344	-0.063344
864	-0.14848	-0.14848
3613	0.035056	0.035056
545	2.85E-06	2.85E-06
1782	-0.021285	-0.021285
1569	-0.11461	-0.11461
257	-0.090596	-0.090596
1230	0.053901	0.053901
4065	0.10104	0.10104
2955	-0.086017	-0.086017
4267	-0.16107	-0.16107
1	-0.042413	-0.042413
1323	-0.014608	-0.014608
2091	-0.015588	-0.015588
2035	-0.023471	-0.023471
559	0.0020345	0.0020345
4067	-0.003015	-0.003015
4038	0.062977	0.062977
3500	-0.13581	-0.13581
432	0.045787	0.045787
274	-0.031502	-0.031502
1780	-0.048394	-0.048394
3721	-0.045226	-0.045226
1366	0.00060486	0.00060486
4058	-0.12006	-0.12006
417	0.16509	0.16509
4074	0.06638	0.06638
2928	-0.060455	-0.060455
1862	-0.13627	-0.13627
4270	-0.083563	-0.083563
3007	0.078649	0.078649
2114	-0.068441	-0.068441
1239	-0.065324	-0.065324
4064	-0.085833	-0.085833
1360	-0.071384	-0.071384
234	-0.06639	-0.06639
1589	-0.058838	-0.058838
2467	0.083351	0.083351
560	-0.10566	-0.10566
2720	-0.075242	-0.075242
2542	-0.099192	-0.099192
1246	-0.16177	-0.16177
2813	0.052913	0.052913
1546	-0.017015	-0.017015
1588	0.023149	0.023149
1790	0.0015915	0.0015915
659	0.036744	0.036744
99	0.049028	0.049028
2703	-0.0056765	-0.0056765
4227	-0.060952	-0.06464
1338	0.27137	0.27137
958	0.00067877	0.00067877
3696	-0.094671	-0.11491
2588	-0.069876	-0.069876
3531	0.10827	0.10827
4224	-0.16466	-0.16466
1796	-0.10596	-0.10596
2417	-0.015829	-0.015829
1498	0.028925	0.028925
4191	-0.017248	-0.017248
3737	-0.18897	-0.18897
2096	-0.17359	-0.17359
3943	-0.060184	-0.060184
858	-0.091926	-0.091926
113	-0.11381	-0.11381
2964	0.014608	0.014608
385	-0.15545	-0.15545
1321	-0.096323	-0.096323
1289	0.069666	0.069666
1769	0.040237	0.040237
110	-0.02101	-0.02101
4035	0.0057087	0.0057087
2130	-0.044971	-0.044971
4062	0.089939	0.089939
1271	0.14402	0.14402
3653	0.0013773	0.0013773
1530	-0.035023	-0.035023
1372	-0.062911	-0.062911
4034	-0.057398	-0.057398
225	0.20738	0.20738
1252	0.05214	0.05214
4285	0.039429	0.039429
2383	-0.0015225	-0.0015225
798	0.064562	0.064562
4221	0.032849	0.032849
2953	0.13377	0.13377
2992	-0.0071075	-0.0071075
784	-0.06767	-0.06767
3481	0.037467	0.037467
1832	0.10799	0.10799
221	0.17743	0.17743
3623	-0.06285	-0.06285
3012	0.089052	0.089052
2011	-0.0056452	0.0038209
3316	-0.11158	-0.11158
3942	0.04995	0.04995
1154	-0.029421	-0.029421
2718	0.0003142	0.0003142
3684	0.080006	0.080006
1713	0.042612	0.042612
2031	0.03387	0.03387
2802	-0.050929	-0.050929
1901	0.041008	0.041008
301	-0.12838	-0.12838
421	0.011903	-0.014788
2938	-0.021757	-0.021757
1784	0.037373	0.037373
1830	0.015249	0.015249
857	0.043434	0.043434
839	0.11319	0.11319
4249	0.082771	0.082771
2980	-0.070152	-0.070152
1680	-0.038033	-0.038033
2118	0.099006	0.099006
3609	-0.040948	-0.040948
2074	-0.052383	-0.052383
2030	-0.025345	-0.025345
649	-0.00028318	-0.00028318
3944	0.10346	0.10346
2401	-0.14074	-0.14074
3751	-0.079758	-0.079758
1157	0.049572	0.049572
3863	0.13376	0.13376
815	0.11259	0.11259
4277	-0.028282	-0.028282
3525	0.049098	0.049098
3978	-0.023509	-0.023509
1412	0.072649	0.072649
3075	0.093399	0.093399
1863	-0.025318	-0.025318
1773	-0.023127	-0.023127
3291	0.00064072	0.00064072
1789	0.032746	0.032746
1233	-0.10236	-0.10236
553	0.025588	0.025588
2438	-0.013409	-0.013409
2178	0.083463	0.083463
1827	-0.01843	-0.01843
841	-0.052431	-0.052431
4030	-0.055695	-0.055695
769	0.01632	0.01632
3662	0.077361	0.077361
3710	0.044211	0.044211
4272	0.035719	0.035719
1179	0.012439	0.012439
1351	-0.080181	-0.080181
3413	0.057551	0.057551
2456	-0.028873	-0.027968
4063	-0.090165	-0.090165
1570	-0.059284	-0.059284
119	-0.035679	-0.035679
3289	-0.11778	-0.11778
250	0.020473	0.020473
2381	-0.14269	-0.14269
3512	0.0088361	0.0088361
1597	0.08142	0.032875
3655	0.047953	0.047953
4236	-0.0030548	-0.0030548
3317	-0.10149	-0.10149
107	-0.079089	-0.079089
4290	0.0055217	0.0063218
4271	-0.044727	-0.044727
978	0.21137	0.21137
2148	-0.07176	-0.07176
1512	-0.0071182	-0.0071182
3611	0.020002	0.020002
4057	0.028406	0.028406
1477	0.10537	0.10537
4314	-0.038848	-0.038848
2816	-0.12342	-0.12342
2168	0.076738	0.076738
3953	-0.085537	-0.085537
1894	-0.049922	-0.049922
9	-0.0755	-0.0755
1381	-0.031743	-0.031743
3536	-0.17256	-0.17256
3545	0.077305	0.077305
1935	0.087944	0.087944
660	-0.15623	-0.15623
3661	0.058888	0.058888
4216	-0.0014404	-0.0014404
2404	0.052398	0.052398
4242	0.17709	0.17709
67	0.0094989	0.0094989
2445	-0.078992	-0.078992
2592	0.0030925	0.0030925
2537	-0.029985	-0.029985
1714	0.12984	0.12984
3625	0.14528	0.14528
3929	0.093003	0.093003
3658	-0.0026978	-0.0026978
2113	0.026467	0.026467
2093	0.068338	0.068338
3030	0.096059	0.096059
1739	0.12171	0.12171
2044	-0.043954	-0.043954
1804	0.0633	0.0633
3346	0.20537	0.20537
1698	-0.056601	-0.056601
1336	0.026655	0.026655
1335	0.068626	0.068626
1488	0.0764	0.0764
2280	0.084689	0.084689
259	-0.18682	-0.18682
961	-0.053658	-0.053658
955	-0.028271	-0.028271
1176	0.054746	0.054746
3434	-0.076483	-0.076483
1540	0.10836	0.10836
2043	-0.01533	-0.01533
1266	0.060068	0.060068
4287	-0.010092	-0.010092
4241	-0.23117	-0.23117
789	0.08908	0.08908
2420	0.024247	0.024247
1185	-0.15446	-0.15446
2049	0.044383	0.044383
658	-0.0027653	-0.0027653
1177	0.010832	0.010832
438	0.17218	0.17218
4056	0.065956	0.065956
109	0.04017	0.04017
308	0.038817	0.038817
2977	-0.070728	-0.070728
4293	-0.12239	-0.12239
3897	-0.017375	-0.017375
2707	0.11813	0.11813
1777	-0.014879	-0.014879
2806	-0.054038	-0.054038
1580	0.035295	0.035295
2105	0.031565	0.031565
1353	0.028047	0.028047
3569	-0.030023	-0.030023
3758	-0.090762	-0.090762
3876	-0.096168	-0.096168
2431	-0.1094	-0.1094
1504	-0.17287	-0.17287
1948	0.009791	0.009791
2741	0.022055	0.022055
2504	0.0031403	0.0031403
3424	-0.10411	-0.10411
242	-0.00137	0.022201
108	-0.017264	-0.017264
89	-0.083478	-0.042124
4203	-0.081955	-0.081955
2727	0.031271	0.031271
2728	-0.084793	-0.066263
1030	-0.085866	-0.085866
630	-0.1597	-0.1597
2972	-0.21451	-0.21451
2397	-0.22642	-0.22642
2801	-0.091293	-0.091293
276	0.055793	0.055793
3694	0.017383	0.017383
120	0.048147	0.048147
1695	-0.0047923	-0.0047923
2786	-0.081343	-0.081343
4208	-0.078637	-0.078637
2487	-0.093033	-0.093033
1606	-0.047991	-0.047991
2079	-0.062592	-0.062592
1518	-0.21791	-0.21791
783	-0.090878	-0.090878
3960	-0.057123	-0.057123
2272	-0.093587	-0.093587
3640	-0.011132	-0.011132
3333	-0.035283	-0.035283
2432	-0.042175	-0.042175
3861	0.013033	0.013033
3532	0.0044746	0.0044746
1476	-0.032718	-0.032718
1802	0.052539	0.052539
260	-0.021694	-0.021694
4071	0.04271	0.04271
4229	0.044154	0.044154
1809	-0.003105	-0.003105
1785	0.052999	0.052999
3720	0.03033	0.03033
423	-0.028967	-0.028967
1367	-0.015998	-0.015998
3706	-0.04836	-0.04836
3748	-0.087956	-0.087956
4289	-0.11385	-0.11385
1528	-0.12896	-0.12896
2476	-0.10024	-0.10024
2721	0.1167	0.1167
3750	0.065295	0.065295
640	0.073978	0.073978
2773	0.082228	0.082228
4039	-0.042273	-0.042273
1511	-0.02013	-0.02013
788	-0.092615	-0.092615
796	0.035082	0.035082
3521	0.043705	0.043705
3685	0.036251	0.036251
2448	0.038343	0.038343
2443	0.039551	0.039551
3122	0.19786	0.19786
562	-0.0099756	-0.0099756
2094	0.29093	0.26265
1254	0.06228	0.06228
425	0.0012096	0.0012096
291	0.029546	0.056202
3664	0.024204	0.024204
2378	-0.10095	-0.10095
4204	0.00021141	0.00021141
1329	-0.13921	-0.13921
2462	-0.0082666	-0.0082666
778	0.023318	0.023318
3639	-0.17849	-0.17849
3674	-0.1084	-0.1084
3117	0.090077	0.090077
2277	0.090997	0.090997
4187	0.11751	0.11751
1884	-0.13327	-0.11798
3862	0.019051	0.019051
3855	0.067529	0.067529
3881	0.043425	0.043425
4156	0.018904	0.018904
1240	-0.1133	-0.1133
2182	0.13342	0.13342
4026	0.0094413	0.0094413
2122	-0.05599	-0.05599
791	-0.047881	-0.047881
3528	-0.011504	-0.011504
2279	0.16801	0.16801
1520	-0.093358	-0.093358
1868	-0.062146	-0.062146
645	-0.1451	-0.1451
2069	0.043061	0.043061
285	-0.053941	-0.053941
1352	0.044644	0.044644
3118	0.16854	0.16854
1508	0.0434	0.0434
3761	-0.077405	-0.077405
384	-0.017497	-0.034264
3676	0.086062	0.086062
1871	0.24757	0.24757
4263	0.21075	0.21075
4185	0.10349	0.074782
2421	-0.063048	-0.063048
2084	-0.17777	-0.17777
3399	0.017853	-0.027328
2673	0.025444	-0.02337
2039	0.094407	0.054545
2062	0.068968	0.043558
4234	0.1554	0.14837
80	0.050261	0.0099989
3322	0.013331	-0.016916
3866	0.072295	0.065548
2059	0.20172	0.20172
1507	0.1747	0.1747
368	0.13338	0.12169
16	0.14468	0.14468
2184	0.209	0.209
1227	0.19443	0.19443
4181	0.1296	0.1296
818	0.27054	0.27054
3632	0.15156	0.10985
2410	-0.019975	-0.086251
420	0.059518	0.059518
2798	0.16519	0.16519
1772	0.19679	0.19679
3717	0.27591	0.27591
1479	0.314	0.30196
2073	0.093646	0.064605
827	0.041646	0.041646
4218	0.10282	0.10282
243	0.048593	0.044526
94	-0.05077	-0.027963
2064	0.23764	0.20352
3770	0.15557	0.14285
646	-0.12225	-0.12225
4235	0.1318	0.10333
2172	0.20068	0.20068
1593	0.06177	0.06177
2800	0.008017	0.008017
547	0.071476	0.071476
75	-0.027202	-0.027202
3645	0.10456	0.10456
317	0.17055	0.16529
3337	-0.015286	-0.015286
4164	0.19708	0.17482
1557	0.11923	0.083425
3940	0.084937	0.084937
1166	0.47589	0.43059
2593	-0.15228	-0.15228
2930	-0.085949	-0.085949
2	0.13748	0.1321
4246	0.034272	0.034272
115	-0.058142	-0.058142
2722	0.34671	0.34671
3672	0.36915	0.3555
1456	0.25714	0.2326
3137	0.062822	0.062822
1447	-0.026114	-0.026114
1893	-0.083395	-0.083395
4283	0.24003	0.17682
4055	0.28191	0.23378
1574	0.043595	0.043595
1579	0.22005	0.1984
1365	-0.061644	-0.061644
3607	-0.057654	-0.057654
229	0.087205	0.087205
4210	0.033995	0.033995
638	0.11408	0.098065
272	0.085684	0.085684
4195	0.014313	0.014313
1334	0.097204	0.097204
2777	-0.22615	-0.22615
3328	-0.22145	-0.22145
2465	0.23269	0.23269
1463	-0.078217	-0.078217
2385	0.12686	0.12686
1896	0.13081	0.13081
21	0.041909	0.041909
2590	0.0015708	0.0015708
105	0.1701	0.1701
2549	0.13463	0.13463
1355	0.14134	0.14134
3636	0.12004	0.12004
279	0.033503	0.033503
3416	0.10533	0.10533
3764	0.1809	0.1809
1379	0.14037	0.14037
1385	0.12917	0.12917
3549	-0.080079	-0.080079
3543	-0.13298	-0.13298
1322	-0.21317	-0.21317
3723	-0.050156	-0.050156
1196	0.01157	0.01157
2185	0.17607	0.17607
3568	-0.10122	-0.10122
2711	-0.10287	-0.10287
3385	-0.18409	-0.1551
2072	-0.1244	-0.1244
3401	-0.1368	-0.1368
226	0.019149	0.019149
1242	-0.058024	-0.058024
2987	-0.16087	-0.16087
2258	-0.069758	-0.069758
4193	0.005395	0.005395
1159	0.026561	0.026561
2149	-0.051916	-0.051916
2540	-0.09082	-0.09082
1582	-0.23301	-0.23301
2125	-0.056792	-0.056792
2414	-0.16507	-0.16507
3755	-0.23066	-0.23066
1776	-0.11216	-0.11216
656	-0.042377	-0.042377
3757	0.13922	0.13922
803	-0.29543	-0.29543
2478	-0.074923	-0.074923
1519	0.0067978	0.0067978
2123	-0.041611	-0.041611
3731	-0.11769	-0.11769
4029	-0.10699	-0.10699
1356	-0.02402	-0.02402
856	-0.07313	-0.046166
10	-0.11289	-0.11289
389	-0.049838	-0.049838
3707	-0.010178	-0.010178
1806	-0.058611	-0.058611
112	-0.11343	-0.11343
1268	0.032224	0.032224
2981	0.060831	0.060831
4209	-0.21884	-0.21884
3088	-0.10806	-0.10806
305	-0.060402	-0.060402
2080	-0.032287	-0.032287
3774	-0.013053	-0.013053
1560	0.050956	0.050956
1778	0.013816	0.013816
3686	-0.087708	-0.087708
4206	-0.17896	-0.17896
1534	-0.0014614	-0.0014614
1451	-0.06766	-0.06766
3530	-0.046414	-0.046414
101	-0.10423	-0.10423
1575	0.054439	0.054439
2037	-0.0080611	-0.0080611
3735	0.034595	0.034595
1794	-0.048788	-0.048788
2459	-0.11323	-0.11323
4245	-0.023476	-0.023476
3873	0.078525	0.078525
2956	0.035781	0.035781
4222	-0.048892	-0.048892
2994	-0.028987	-0.015747
4148	0.14797	0.14797
2100	0.19547	0.1846
3947	0.093008	0.093008
3926	0.01001	0.01001
4060	0.089292	0.089292
3523	0.059002	0.059002
3410	0.15758	0.15758
2393	0.080055	0.080055
4239	-0.066958	-0.066958
1576	0.13165	0.13165
4232	0.054533	0.054533
1354	0.094572	0.094572
916	0.018893	0.018893
3031	0.062601	0.062601
549	-0.05261	-0.05261
4196	0.070644	0.070644
249	-0.12933	-0.12933
847	0.073904	0.073904
1586	-0.0061758	-0.0061758
2918	0.081732	0.081732
1679	0.22132	0.22132
2077	0.081386	0.081386
2405	-0.0044462	-0.0044462
3749	-0.12365	-0.12365
855	-0.054948	-0.054948
4176	-0.024115	-0.024115
4197	0.11255	0.11255
3637	0.048787	0.048787
3009	-0.079426	-0.079426
1715	0.087109	0.087109
820	-0.0034169	-0.0034169
3950	-0.082128	-0.06856
275	0.041663	0.041663
3426	-0.0010416	-0.0010416
24	0.027105	0.027105
2971	0.051434	0.051434
264	-0.065599	-0.065599
787	0.012833	0.012833
3125	0.023335	0.023335
1801	-0.024713	-0.024713
244	-0.069726	-0.069726
2092	-0.16989	-0.16989
3935	-0.20361	-0.20361
3643	0.0059002	0.0059002
2112	-0.057833	-0.057833
1990	-0.0082878	-0.0082878
911	0.011523	0.011523
3315	-0.0054022	-0.0054022
2050	0.0061966	0.0061966
4273	-0.079814	-0.049182
1707	-0.099112	-0.099112
292	-0.046415	-0.046415
1797	0.073353	0.073353
4220	0.02305	0.028142
3667	-0.012629	-0.012629
2046	-0.033186	-0.033186
651	-0.00036587	-0.00036587
2273	-0.033222	-0.033222
2468	0.0070358	0.0070358
1237	-0.010062	-0.010062
2264	0.029761	0.029761
3753	-0.065625	-0.065625
298	0.079157	0.079157
1587	0.026578	0.026578
3964	0.024282	0.024282
2265	0.0036952	0.0036952
1371	-0.18755	-0.17719
1513	0.065942	0.065942
3018	-0.013312	-0.013312
2180	0.10902	0.10902
1565	-0.11145	-0.11145
2455	-0.10369	-0.10369
2472	0.15929	0.15929
4200	0.028587	0.028587
1793	0.0064747	0.0064747
1547	-0.083052	-0.083052
4178	-0.060266	-0.060266
237	-0.086985	-0.086985
2060	0.10207	0.10207
824	-0.15468	-0.15468
1604	-0.10269	-0.10269
1800	-0.087088	-0.087088
3488	-0.071397	-0.071397
3313	-0.060808	-0.060808
3394	-0.041332	-0.041332
3017	0.078582	0.078582
2433	0.11644	0.11644
2274	0.085734	0.085734
4268	-0.21011	-0.21011
3665	-0.047174	-0.047174
2259	-0.057046	-0.057046
3936	0.088645	0.088645
3996	0.030887	0.030887
1788	-0.0090536	-0.0090536
3725	0.065103	0.065103
1870	-0.065062	-0.065062
1696	0.031688	0.031688
1584	-0.0021934	-0.0021934
552	0.048842	0.048842
550	-0.084204	-0.084204
118	-0.09288	-0.09288
963	0.02216	0.02216
4292	-0.11256	-0.11256
3858	-0.040772	-0.040772
2716	-0.13458	-0.13458
2016	-0.083059	-0.083059
3115	0.10587	0.10587
3040	-0.045654	-0.045654
1699	0.051196	0.051196
1250	0.052687	0.052687
2403	-0.0016422	-0.0016422
2409	-0.044145	-0.044145
3701	0.044841	0.044841
3398	0.061041	0.061041
2579	-0.10481	-0.10481
4281	-0.06334	-0.06334
325	0.10477	0.10477
3703	0.0006107	0.0006107
3681	-0.04506	-0.04506
919	0.083563	0.083563
840	-0.055066	-0.055066
2436	0.022328	0.022328
282	-0.039554	-0.039554
834	-0.05561	-0.023865
1559	-0.037992	-0.037992
3493	-0.047333	-0.047333
3659	-0.069742	-0.069742
4157	0	0
2820	-0.00076009	-0.00076009
563	-0.033427	-0.033427
3001	0.009081	0.009081
2262	0.036605	0.036605
2805	0.030903	0.030903
4274	-0.084052	-0.084052
3690	0.04704	0.04704
1874	-0.050303	-0.050303
1543	-0.085419	-0.085419
2545	0.07131	0.07131
3668	0.046458	0.046458
3939	-0.064132	-0.064132
4256	-0.045602	-0.045602
973	0.25189	0.25189
1383	-0.067518	-0.067518
1389	-0.063036	-0.063036
1934	-0.0033304	-0.0033304
3540	0.11104	0.11104
4090	0.077568	0.077568
2843	-0.02668	-0.02668
3450	0.0050437	0.0050437
1609	-0.073953	-0.073953
2452	-0.050564	-0.050564
1611	0.069371	0.069371
3981	0.11105	0.11105
1828	-0.079733	-0.079733
3024	-0.0036415	-0.0036415
2292	0.0019303	0.0019303
287	0.097449	0.097449
2300	0.033891	0.033891
2973	0.11073	0.11073
1834	0.060203	0.060203
2284	0.23824	0.23824
2488	0.031452	0.031452
1944	0.11623	0.11623
2205	-0.11462	-0.11462
1411	-0.076194	-0.076194
1407	0.025604	0.025604
44	0.16201	0.16201
4099	-0.037536	-0.037536
1947	0.16302	0.16302
1263	0.068574	0.068574
31	0.093528	0.093528
2140	-0.065364	-0.065364
3990	-0.036039	-0.036039
1141	0.039092	0.039092
866	0.10303	0.10303
2089	0.13094	0.13094
1608	0.12234	0.12234
2591	-0.078877	-0.078877
1287	-0.023404	-0.023404
4312	-0.006598	-0.006598
3679	0.075023	0.085952
2498	0.066771	0.066771
2839	0.18284	0.18284
2578	0.19357	0.19357
3435	0.087855	0.087855
1829	-0.015145	-0.015145
3447	-0.021686	-0.021686
3989	0.071481	0.071481
4291	0.069562	0.069562
2001	-0.01952	-0.01952
2288	-0.11476	-0.11476
683	-0.0327	0.036589
251	-0.13198	-0.13198
2303	0.02841	0.02841
1825	0.030861	0.030861
3438	-0.18899	-0.18899
2485	0.035889	0.035889
2379	0.059107	0.059107
2481	0.27022	0.27022
124	0.090933	0.090933
2507	0.11742	0.11742
3991	0.044947	0.044947
2823	0.0059828	0.0059828
3850	0.012282	0.012282
862	-0.097934	-0.097934
1561	-0.056119	-0.056119
3297	-0.10206	-0.10206
1048	-0.11722	-0.11722
3846	-0.09857	-0.09857
3993	-0.14988	-0.14988
2480	0.059501	0.059501
3029	-0.021989	-0.021989
2596	0.027997	0.027658
3841	-0.058575	-0.058575
1282	-0.017062	-0.017062
22	-0.10782	-0.10782
2295	0	0
1133	-0.11523	-0.074894
1682	-0.079261	-0.079261
217	-0.10672	-0.10672
3976	-0.1696	-0.12822
2291	0	0
853	0.0029147	0.0029147
1835	0	0
1989	-0.15207	-0.12258
675	-0.13214	-0.13214
3616	-0.1146	-0.1146
1294	-0.056186	-0.056186
666	0	0
910	-0.13195	-0.13195
4069	-0.010624	-0.010624
1722	-0.14363	-0.14363
2774	0.044128	0.11969
2104	-0.070517	-0.02819
3022	-0.07043	0.0078922
2173	-0.0026732	-0.0026732
2283	0	0
3979	-0.088028	-0.088028
1285	-0.19903	-0.17351
4059	-0.050845	-0.050845
792	-0.09181	-0.079595
143	-0.13316	-0.11949
1290	-0.037279	-0.037279
2585	0.073289	0.073289
142	0	0
1904	0.011728	0.011728
2299	0	0
3687	0.0089576	0.0089576
2827	-0.047724	-0.047724
3747	-0.17239	-0.17239
2933	-0.10798	-0.10798
2826	0	0
873	0.051646	0.051646
1278	-0.097492	-0.083459
134	0	0
2489	-0.0035349	-0.0035349
131	0	0
4161	0	0
1142	-0.020339	-0.020339
323	-0.15956	-0.15956
3456	-0.20725	-0.20725
2838	0	0
3028	-0.10171	-0.093194
3851	-0.020449	-0.020449
2842	0	0
1821	-0.075618	-0.075618
3847	0.080333	0.080333
2948	-0.10205	-0.082725
3985	-0.015047	-0.015047
434	0.17547	0.17547
2473	-0.14932	-0.14932
2293	-0.10294	-0.028791
2298	0	0
3196	-0.13515	-0.13515
1040	-0.062209	-0.062209
1955	0.11537	0.11537
2198	-0.059963	-0.059963
4119	0.13772	0.13772
3575	0.041465	0.041465
2506	-0.02141	-0.02141
141	-0.12869	-0.12869
3628	0.044555	0.044555
129	-0.14606	-0.14606
2285	-0.033306	-0.033306
38	-0.055461	-0.055461
3204	-0.085722	-0.085722
4111	-0.0065665	-0.0065665
3192	0.043511	0.043511
2191	-0.015206	-0.015206
2289	-0.073772	-0.073772
2825	0.012716	0.012716
1131	0.0556	0.0556
128	-0.15264	-0.15264
2296	-0.026242	-0.026242
2835	-0.054266	-0.054266
3682	-0.036515	-0.036515
2822	0	0
3310	0.088287	0.088287
2821	0.02932	0.02932
2829	-0.036011	-0.036011
882	-0.079348	-0.079348
2290	0	0
1453	-0.016641	-0.016641
665	0.036238	0.036238
677	0	0
3986	-0.044373	-0.044373
2715	-0.11313	-0.11313
2286	0	0
2281	0.055388	0.067816
661	0.059055	0.059055
1280	-0.041195	-0.041195
878	-0.071059	-0.071059
126	0	0
3511	-0.025368	-0.025368
4262	-0.070406	-0.070406
130	0	0
3306	0.083248	0.083248
3019	0.0071119	0.0071119
588	0.029997	0.033741
669	-0.0041744	-0.0041744
2297	-0.075004	-0.075004
1149	0.024956	0.024956
1869	0.25298	0.25298
1672	-0.046498	-0.046498
2143	-0.15394	-0.15394
133	-0.090555	-0.090555
3838	0.069573	0.069573
137	-0.063047	-0.063047
138	0	0
2301	0.04317	0.04317
2386	0.031308	0.031308
2014	-0.16527	-0.16527
3553	0.12874	0.12874
1930	0.41516	0.41516
1393	0.059645	0.059645
1927	-0.0098979	-0.0098979
3809	-0.0066285	-0.0066285
1086	-0.0091381	-0.0091381
3817	0.018735	0.018735
1646	0.056725	0.056725
3818	0.07226	0.050336
3330	0.14713	0.14713
3271	0.13008	0.13008
3252	-0.020744	-0.020744
1527	0.019795	0.019795
3807	0.1269	0.1269
1119	0.15682	0.15682
3783	0.099196	0.099196
1623	-0.02483	-0.02483
1114	-0.0024495	-0.0038757
3242	0.068295	0.068295
3262	-0.041018	-0.041018
1637	0.22026	0.21797
3241	0.056482	0.055918
1106	0.13328	0.12727
3811	0.096816	0.091185
1087	0.030112	0.030112
1634	0.23645	0.23645
1650	-0.083702	-0.083702
3825	0.086486	0.071027
1666	0.023685	0.017475
1116	0.14517	0.14517
3826	0.083227	0.083227
1085	-0.015803	-0.063075
1093	0.055001	0.055001
3789	0.0376	0.0376
1643	0.026273	0.026273
3286	0.0032496	0.0032496
3249	0.11178	0.11178
3255	-0.058473	-0.058473
3276	0.087562	0.087562
3784	0.13432	0.13432
1098	-0.062486	-0.062486
2505	0.1374	0.1374
1635	0.056948	0.056948
3260	0.026902	0.026902
1092	-0.022618	-0.022618
3246	0.10492	0.10492
1126	0.13192	0.13192
3272	0.012263	0.012263
3823	0.17141	0.17141
1654	0.11791	0.11791
1112	0.073776	0.073776
3808	-0.0014217	-0.0014217
1102	0.020185	0.020185
1626	-0.030298	-0.030298
1111	0.10737	0.10737
1100	0.041794	0.041794
1094	0.14101	0.14101
3268	0.15039	0.15039
1658	0.059216	0.059216
3258	0.046718	0.046718
3284	0.061373	0.043826
1667	0.03043	0.03043
1659	0.064712	0.064712
1630	0.10909	0.10909
3810	-0.049605	-0.027168
1124	0.11113	0.11113
3281	0.008744	0.008744
1120	-0.12402	-0.12402
1627	-0.053158	-0.053158
1090	0.063127	0.063127
1651	0.080429	0.080429
1089	-0.012304	-0.012304
1633	0.029735	0.029735
3819	0.12424	0.12424
3282	0.14558	0.14558
3822	0.12831	0.12831
3801	-0.1101	-0.1101
1642	-0.022211	-0.022211
3275	0.053528	0.053528
3806	-0.085363	-0.085363
3793	0.051709	0.051709
1881	-0.14908	-0.14908
3821	-0.026817	-0.026817
3781	0.13187	0.13187
3814	0.066566	0.066566
1661	-0.18665	-0.18665
1118	0.076334	0.076334
1081	0.043359	0.043359
3791	0.012429	0.012429
1621	0.047793	0.047793
1629	0.045041	0.045041
3288	-0.080146	-0.080146
3269	0.04141	0.04141
782	0.088788	0.088788
1622	0.11035	0.11035
1082	0.057455	0.057455
3278	0.078718	0.078718
1122	0.028762	0.028762
3803	0.032326	0.032326
3279	0.087696	0.087696
1104	-0.02855	-0.02855
1641	0.097619	0.097619
1113	0.20522	0.20522
3798	0.051099	0.051099
3264	0.078578	0.061205
1665	0.029924	0.029924
3794	0.030108	0.030108
1631	0.0070809	0.0070809
3259	0.065611	0.065611
3244	0.036873	0.036873
896	-0.066471	-0.066471
1663	-0.036782	-0.036782
1115	0.018222	0.018222
3812	0.0079422	0.0079422
3790	-0.01168	-0.01168
3261	0.088557	0.088557
3797	0.053879	0.053879
1088	0.09896	0.09896
1624	0.095238	0.095238
1107	-0.0070449	-0.0070449
3257	0.074898	0.074898
1110	0.073728	0.073728
3251	-0.0097161	-0.0097161
3795	0.029184	0.029184
3827	0.017309	0.017309
3815	0.090245	0.090245
1127	-4.22E-05	-4.22E-05
1108	-0.0242	-0.0242
1109	0.023044	0.023044
3277	0.030486	0.030486
3248	-0.018557	-0.018557
3267	0.090565	0.090565
1648	0.081117	0.081117
3245	0.11738	0.11738
1655	0.002427	0.002427
3274	0.033932	0.033932
1653	-0.061469	-0.061469
1638	-0.0062329	-0.0062329
3283	0.054401	0.054401
3270	-0.0046301	-0.0046301
3813	-0.018443	-0.018443
1647	0.064523	0.064523
1128	-0.02979	-0.02979
3273	0.0050759	0.0050759
1101	-0.10833	-0.10833
1099	0.0071462	0.0071462
1084	0.1233	0.1233
345	0.19813	0.19813
3344	0.15965	0.15965
888	0.11697	0.11697
3787	0.018441	0.018441
1645	-0.050162	-0.050162
3263	0.00095791	0.00095791
1125	-0.06905	-0.06905
3254	0.0088687	0.0088687
3280	-0.091106	-0.091106
3243	-0.072495	-0.072495
1121	-0.05915	-0.05915
1103	-0.086601	-0.086601
3894	-0.11363	-0.11363
3782	0.14379	0.14379
3250	0.021711	0.021711
1083	-0.1043	-0.1043
3247	0.00055982	0.00055982
3805	-0.12104	-0.12104
1662	-0.009473	-0.009473
3285	-0.02022	-0.02022
3802	0.048102	0.048102
1625	0.10415	0.10415
3557	-0.13163	-0.15586
1397	-0.18668	-0.18668
1891	0.13417	0.13417
2653	0.049367	0.049367
1564	0.010966	0.010966
3395	0.01979	0.01979
570	0.12815	0.12815
1403	0.12002	0.12002
1029	0.0801	0.0801
505	-0.083456	-0.083456
564	0.0092773	0.021741
3487	0.015074	0.015074
4255	-0.063382	-0.063382
4114	-0.029539	-0.029539
583	0.0061798	0.0061798
2200	-0.15713	-0.15713
1402	0.0213	0.0213
2712	0.10913	0.10913
2738	0.15437	0.15437
501	0.013818	0.013818
1720	-0.0026465	0.013767
1455	0.03886	0.03886
1671	0.084168	0.084168
875	0.083321	0.083321
4040	-0.19722	-0.19722
111	-0.0063548	-0.0063548
1670	0.094533	0.094533
1578	0.0070372	0.0070372
2490	-0.048782	-0.048782
3436	-0.033201	-0.033201
3189	0.059276	0.059276
2649	-0.01808	-0.01808
2194	0.06728	0.06728
490	-0.083278	-0.083278
17	-0.043611	-0.043611
3726	-0.025325	-0.025325
1711	-0.088782	-0.088782
4211	-0.011625	-0.011625
3332	0.083468	0.083468
2589	0.011188	0.011188
3865	0.071827	0.071827
1882	-0.058333	-0.058333
3223	-0.087634	-0.087634
3227	0.030529	0.030529
114	0.065451	0.065451
1037	-0.033192	-0.033192
2201	-0.090889	-0.090889
2657	-0.10212	-0.10212
30	-0.093353	-0.093353
1737	0.025382	0.025382
774	-0.0041589	-0.0041589
2056	-0.019995	-0.019995
4117	0.027556	0.027556
273	0.021194	0.021194
2052	-0.023317	-0.023317
3581	0.14599	0.14599
1550	-0.0041799	-0.0041799
1685	0.010483	0.010483
889	0.0074431	0.0074431
1191	-0.19742	-0.19742
4101	-0.05858	-0.05858
799	-0.088326	-0.088326
1422	0.063264	0.063264
1766	-0.04871	-0.04871
18	0.14435	0.14435
509	-0.045295	-0.045295
1138	0.02145	0.02145
1941	-0.031389	-0.031389
2747	-0.13621	-0.13621
1705	-0.070964	-0.070964
2422	-0.10681	-0.10681
2534	0.011497	0.011497
493	-0.075512	-0.075512
47	0.12589	0.12589
3294	0.15666	0.15666
1945	0.19939	0.19939
1949	0.19239	0.19239
2736	0.10013	0.10013
4120	0.17767	0.17767
1909	0.10457	0.10457
579	-0.066154	-0.066154
3206	0.063066	0.063066
343	0.1497	0.1497
3892	-0.0013477	-0.0013477
4109	0.23408	0.23408
1491	0.059102	0.059102
2652	-0.061294	-0.061294
3884	0.055352	0.055352
3573	0.1276	0.1276
2746	-0.19627	-0.19627
1465	-0.052811	-0.052811
3209	0.010433	0.010433
574	-0.058834	-0.058834
2153	-0.15731	-0.15731
3023	0.45936	0.45936
3197	-0.022014	-0.022014
876	-0.13186	-0.13186
861	0.12843	0.12843
2099	-0.0062442	-0.0062442
1049	-0.021935	-0.021935
2650	0.047375	0.047375
3298	0.40476	0.40476
3440	-0.052639	-0.052639
1831	-0.07532	-0.07532
508	-0.24979	-0.24979
2192	0.060745	0.060745
3208	0.0074297	0.0074297
3565	0.1189	0.1189
584	0.07919	0.07919
3121	-0.079473	-0.079473
3203	-0.092432	-0.092432
2739	0.085441	0.085441
2661	0.035718	0.035718
2483	0.0074727	0.0074727
388	0.11762	0.11762
1274	0.035	0.035
4295	-0.0048831	-0.0048831
1689	0.19148	0.19148
3453	0.019822	0.019822
336	0.11942	0.11942
795	0.0099348	0.0099348
3763	-0.14252	-0.14252
1549	0.007288	0.007288
3396	0.02826	0.02826
4102	0.12719	0.12719
3443	0.020258	0.020258
342	0.088968	0.088968
3617	0.10467	0.10467
587	0.084793	0.084793
1033	0.074758	0.074758
1824	-0.071505	-0.071505
3773	-0.073131	-0.078082
4217	0.081385	0.081385
3015	0.18109	0.18109
2669	-0.008971	-0.008971
32	0.16903	0.16903
773	0.057875	0.057875
1467	0.040681	0.040681
1502	-0.015732	-0.015732
1605	-0.025565	-0.025565
3582	-0.027467	-0.027467
2195	0.044375	0.044375
2119	0.030718	0.030718
1264	0.0034413	0.0034413
4237	0.15299	0.15299
2461	0.18811	0.18811
281	0.098556	0.098556
1027	0.14611	0.14611
924	0.10876	0.10876
1556	-0.067321	-0.067321
3933	-0.091454	-0.091454
3683	0.018312	0.018312
1783	0.036154	0.036154
4260	0.045049	0.045049
1475	-0.023104	-0.023104
4233	0.18657	0.18657
4294	0.13368	0.13368
2999	0.10188	0.10188
3675	0.12009	0.12009
2045	0.041758	0.041758
263	0.063636	0.063636
2029	0.068751	0.06746
836	-0.053983	-0.053983
1046	-0.044851	-0.044851
27	0.010315	0.010315
3578	0.18147	0.18147
520	-0.14895	-0.14895
3494	0.0089539	0.0089539
1421	0.10675	0.10675
28	0.1407	0.1407
4121	-0.059041	-0.059041
4116	0.21271	0.21271
1953	0.081719	0.081719
2203	-0.042348	-0.042348
2193	0.17253	0.17253
4113	0.1349	0.1349
3880	0.1218	0.1218
1952	-0.023712	-0.023712
4112	0.022873	0.022873
2742	0.029531	0.029531
1875	0.099954	0.099954
2103	0.12248	0.12248
567	0.091007	0.091007
3732	0.021091	0.021091
4189	0.039995	0.039995
3191	0.045729	0.045729
2733	0.031726	0.031726
1958	-0.11253	-0.11253
4105	0.080779	0.075494
2732	-0.052694	-0.052694
3295	-0.1976	-0.1976
4077	0.012588	0.012588
1917	0.056584	0.056584
3547	-0.13805	-0.13805
2486	-0.041365	-0.041365
3561	0.050516	0.050516
489	-0.033273	-0.033273
1238	-0.099881	-0.099881
1283	-0.10856	-0.10856
3961	-0.092628	-0.092628
2413	-0.18491	-0.18491
33	-0.081165	-0.081165
1034	-0.21546	-0.21546
2832	-0.27125	-0.27125
3514	-0.075628	-0.026479
2068	-0.044189	-0.044189
3647	-0.14008	-0.14008
1156	-0.023903	-0.023903
1330	-0.14971	-0.14971
1448	-0.0049346	-0.0049346
2124	-0.057387	-0.057387
653	-0.11612	-0.11612
957	0.096103	0.096103
3644	-0.017147	-0.017147
1139	-0.012297	-0.012297
2000	-0.095406	-0.095406
1162	-0.026763	-0.026763
1361	-0.097398	-0.097398
863	-0.11972	-0.11972
777	-0.11583	-0.11583
2997	-0.028014	-0.028014
833	-0.13078	-0.13078
3388	-0.058678	-0.058678
3705	-0.050407	-0.050407
1473	0.049772	0.049772
299	-0.003522	-0.003522
4033	-0.12999	-0.12999
1184	0.050386	0.050386
3879	0.1115	0.1115
1738	0.014288	0.014288
3973	-0.14452	-0.14452
573	-0.0094856	-0.0094856
4103	0.17388	0.17388
1943	-0.052052	-0.052052
3889	-0.043278	-0.043278
1535	-0.0045727	-0.0045727
3762	-0.016138	-0.016138
3927	0.15759	0.15759
3439	-0.034326	-0.034326
974	0.085234	0.085234
25	0.17742	0.17742
1951	0.073055	0.073055
3882	-0.0027654	-0.0027654
1686	0.056644	0.056644
2831	-0.0069961	-0.0069961
3403	-0.22631	-0.22631
2989	0.13765	0.13765
1186	0.16447	0.16447
1691	0.11903	0.11903
2544	0.12398	0.12398
2458	0.070043	0.070043
2586	0.16087	0.16087
1293	0.015343	0.015343
1531	0.082319	0.082319
3860	-0.022934	-0.022934
97	0.048635	0.048635
1180	0.17238	0.17238
2442	0.18491	0.18491
3938	0.094936	0.094936
3452	0.097197	0.097197
1567	0.23514	0.23514
3072	0.078115	0.078115
4104	0.33059	0.33059
2492	0.16537	0.16537
431	-0.076823	-0.076823
977	0.31562	0.31562
2975	0.2633	0.2633
581	0.13768	0.13768
1959	0.11967	0.11967
2463	0.20668	0.20668
3742	0.12366	0.12366
3415	0.11692	0.11692
3454	0.22653	0.22653
261	0.13886	0.13886
1767	0.17862	0.17862
1879	0.12691	0.12691
1515	0.15646	0.15646
2418	0.089567	0.089567
2067	0.22282	0.22282
2598	0.11896	0.11896
800	0.25752	0.25752
4052	0.25027	0.25027
959	0.081213	0.081213
2594	0.17873	0.17873
102	0.14829	0.14829
3068	0.046588	0.046588
3138	0.089544	0.089544
2444	0.20817	0.20817
2501	0.18463	0.18463
4247	0.091766	0.091766
1681	0.26708	0.26708
2656	0.0029967	0.0029967
338	0.24256	0.24256
254	-0.095569	-0.095569
874	0.1985	0.1985
1489	0.13612	0.13612
4028	0.26831	0.26831
246	0.19824	0.19824
3428	0.10625	0.10625
2963	0.29272	0.29272
1259	0.27892	0.27892
3011	0.41221	0.41221
1161	0.44835	0.44835
4027	0.37639	0.37639
3872	0.35325	0.35325
2453	0.070108	0.070108
1539	0.21921	0.21921
2276	0.27088	0.27088
1810	0.17054	0.17054
819	0.18154	0.18154
2115	0.37207	0.37207
4037	0.30773	0.30773
2451	0.15669	0.15669
1374	0.25178	0.25178
248	0.19218	0.19218
1472	0.027399	0.027399
801	-0.044495	-0.044495
3307	0.49547	0.49547
654	0.44433	0.44433
555	0.40983	0.40983
2803	0.37155	0.37155
3957	0.26778	0.26778
2979	0.28284	0.28284
2677	0.21427	0.21427
3657	0.27461	0.27461
3871	0.46024	0.46024
1369	0.30675	0.30675
2723	0.40576	0.40576
3127	-0.32603	-0.32603
312	0.14401	0.14401
3044	0.61071	0.61071
258	0.21025	0.21025
1595	0.10647	0.10647
3414	0.3653	0.3653
2942	0.2362	0.2362
2799	0.16476	0.16476
886	0.38632	0.38632
2441	0.43498	0.43498
330	0.090632	0.090632
1703	0.17717	0.17717
1912	0.13872	0.13872
1295	0.16588	0.16588
315	-0.01569	-0.01569
576	0.20176	0.20176
500	0.11157	0.11157
2743	0.09674	0.09674
1387	-0.084874	-0.084874
4081	-0.0739	-0.0739
3551	0.15649	0.15649
1921	0.19555	0.18945
992	-0.0019147	-0.0019147
991	0.15926	0.15926
997	-0.052474	-0.052474
3595	0.054696	0.0019694
3144	-0.096825	-0.096825
1435	0.083995	0.083995
2621	0.016208	0.016208
456	-0.10518	-0.10518
979	-0.058952	-0.058952
445	0.0009208	0.0009208
1439	0.18301	0.18301
447	0.014475	0.014475
2615	0.16389	0.16389
442	-0.12095	-0.12095
3162	0.054023	0.054023
449	-0.094234	-0.094234
3142	0.088734	0.088734
462	-0.048716	-0.048716
3587	-0.053717	-0.053717
460	-0.091991	-0.091991
984	-0.073819	-0.073819
980	0.15135	0.15135
1431	0.085828	0.085828
3599	0.023775	0.023775
2607	-0.30807	-0.30807
3140	0.11792	0.11792
3156	-0.0083347	-0.0083347
443	-0.044723	-0.044723
3591	-0.030334	-0.030334
3147	0.026667	0.026667
3583	0.14697	0.14697
987	-0.12778	-0.12778
2599	0.022563	0.039811
459	0.05817	0.05817
451	0.058219	0.060483
3141	0.13228	0.13228
3151	0.42678	0.42678
532	-0.034192	-0.034192
516	-0.15967	-0.15967
1055	-0.070828	-0.070828
1071	-0.059535	-0.059535
3215	-0.20956	-0.20956
2687	-0.16067	-0.16067
511	-0.15555	-0.15555
2676	-0.13544	-0.13544
2671	0.014214	0.014214
527	-0.20613	-0.20613
3231	-0.022291	-0.022291
512	-0.07955	-0.07955
2675	-0.012039	-0.012039
2688	0.010015	0.010015
1067	-0.043031	-0.043031
3219	-0.0044235	-0.0044235
515	-0.21	-0.21
985	0.0055002	0.0055002
981	-0.057598	-0.057598
2620	0.007587	0.007587
988	-0.051232	-0.051232
4131	0.0012443	0.0012443
990	-0.21808	-0.21808
440	0.0099806	0.0099806
2622	0.18629	0.18629
441	-0.019102	-0.019102
3159	-0.029777	-0.029777
986	-0.14258	-0.14258
1427	0.0041328	0.0041328
3161	0.21643	0.18875
2605	-0.19024	-0.19024
446	-0.012149	-0.012149
450	0.070794	0.070794
999	0.047163	0.054586
3154	-0.15587	-0.15587
4123	0.040731	0.040731
3158	-0.02219	-0.02219
995	-0.0073484	-0.0073484
2601	0.14783	0.14783
3153	0.24486	0.24486
3149	0.048318	0.048318
3736	0.016795	0.0059296
1189	-0.078954	-0.078954
1726	0.0027234	0.0027234
1717	-0.0313	-0.0313
2602	-0.10213	-0.10213
2609	-0.076974	-0.076974
2603	-0.07727	-0.07727
1967	0.036938	0.036938
998	-0.0217	-0.0217
2611	-0.046503	-0.046503
3143	-0.089037	-0.089037
3945	-0.074841	-0.078602
989	-0.05792	-0.05792
3899	-0.086222	-0.086222
3160	-0.015045	-0.015045
461	0.084818	0.084818
455	-0.1734	-0.1847
2619	-0.22501	-0.22501
452	0.09013	0.09013
1194	-0.13105	-0.13105
1725	-0.04274	-0.04274
4127	0.019496	0.019496
457	0.036716	0.036716
2608	-0.0014118	-0.0014118
1001	0.12984	0.12984
3157	-0.14059	-0.14059
871	-0.057596	-0.057596
983	0.17172	0.17172
993	-0.037035	-0.037035
1443	-0.055608	-0.055608
994	0.10172	0.10172
458	-0.15154	-0.10443
454	0.02672	0.02672
1423	0.031774	0.031774
2613	-0.0089627	-0.0089627
1971	0.10307	0.10307
2612	-0.015143	-0.015143
3603	-0.038233	-0.038233
444	0.20656	0.18442
3340	-0.017659	-0.017659
4166	-0.013469	-0.013469
4162	0.026761	0.026761
2002	0.004633	0.004633
3155	0.22783	0.22783
2600	0.12282	0.12282
2614	0.15497	0.15497
1002	0.019887	0.019887
3360	0.013925	0.013925
3139	-0.056206	-0.056206
2606	-0.17421	-0.17421
1000	0.11049	0.11049
3348	0.11404	0.11404
3150	-0.017995	-0.017995
3148	-0.023455	-0.023455
3146	0.044528	0.044528
2616	-0.036373	-0.036373
3145	0.12202	0.12202
2617	0.35959	0.35959
2610	0.13643	0.13643
1963	0.040024	0.040024
453	0.026015	0.026015
4154	0.015402	0.015402
1721	-0.050395	-0.050395
3152	0.16616	0.16616
439	-0.0068644	-0.0068644
1734	-0.098022	-0.098022
996	0.018882	0.018882
2618	0.36513	0.36513
448	0.1187	0.1187
1391	-0.074689	-0.074689
4085	-0.093009	-0.093009
982	-0.12258	-0.12258
1925	0.23049	0.23049
3555	0.2358	0.2358
2349	0.1252	0.1252
2691	0.0634	0.0634
2346	0.14365	0.14365
731	0.23314	0.23314
711	0.17519	0.17519
4020	0.14521	0.14161
1006	0.038725	0.038725
4016	0.27118	0.27118
2890	0.13707	0.13707
1728	0.048904	-0.0045707
1856	0.11704	0.073441
732	0.060595	0.060595
2638	0.0021521	0.0021521
187	0.005718	0.005718
2329	0.020935	0.054036
189	0.00044494	0.00044494
2332	0.098809	0.098809
181	0.02463	0.02463
2884	-0.01027	-0.01027
726	0.0088996	0.0088996
172	0.049661	0.049661
2874	0.011892	0.011892
170	0.11382	0.11382
2880	-0.070491	-0.070491
190	0.077216	0.077216
2342	-0.045737	-0.045737
715	-0.0036365	-0.010385
178	-0.029335	-0.029335
2646	0.012688	0.012688
1005	-0.0042819	-0.0042819
171	0.13272	0.13272
2337	0.041252	0.041252
3165	0.021225	0.021225
1009	0.050839	0.050839
3173	0.060501	0.053353
3974	0.034985	0.034985
486	0.13669	0.13669
469	-0.050177	-0.050177
179	0.041971	0.041971
3170	0.0051115	0.0051115
3166	0.11923	0.11923
2338	-0.2182	-0.2182
2869	0.042908	0.042908
481	0.21209	0.21209
1017	0.08081	0.08081
191	-0.038129	-0.038129
1024	0.11508	0.11508
2333	-0.041599	-0.041599
1021	-0.10328	-0.10328
3177	0.010233	0.010233
713	0.0076866	0.0076866
1025	-0.13615	-0.13615
3185	0.034861	0.034861
2879	0.020407	0.039313
2641	-0.014266	-0.014266
2886	0.048841	0.048841
2876	-0.14333	-0.14333
721	-0.0076355	-0.0076355
2352	0.15404	0.15404
718	0.017462	0.017462
482	-0.012967	-0.012967
173	0.041943	0.041943
722	0.0093686	0.0093686
186	0.017235	0.017235
3174	0.19488	0.1672
2642	-0.03226	-0.03226
2637	-0.059332	-0.059332
2871	-0.026738	-0.026738
2883	0.02669	0.02669
712	-0.024867	-0.024867
2877	-0.043912	-0.043912
2891	0.14068	0.14068
2340	0.1957	0.1957
1013	0.1274	0.1274
728	-0.022744	-0.022744
727	-0.020658	-0.020658
1010	0.0083139	0.0083139
2630	-0.072245	-0.072245
725	-0.12426	-0.12426
2626	-0.015862	-0.015862
709	-0.031578	-0.031578
185	-0.10619	-0.10619
1860	-0.1185	-0.1185
729	-0.092293	-0.092293
2335	0.0025045	0.0025045
465	-0.050648	-0.050648
2334	-0.10442	-0.10442
2888	-0.075319	-0.075319
1723	-0.059081	-0.059081
714	0.033458	0.033458
478	-0.036177	-0.036177
2252	-0.050418	-0.050418
2875	-0.1011	-0.1011
3887	-0.023117	-0.023117
2885	-0.068427	-0.068427
177	-0.18066	-0.18066
2889	-0.042335	-0.042335
2344	-0.083471	-0.083471
2350	-0.057772	-0.057772
710	-0.069856	-0.069856
2339	-0.040658	-0.040658
2331	0.018669	0.018669
2345	-0.24276	-0.24276
2634	0.062174	0.062174
2351	-0.14479	-0.14479
2887	-0.083616	-0.083616
3356	0.047965	0.047965
1730	0.048294	0.048294
716	-0.086613	-0.086613
2878	-0.12349	-0.12349
466	-0.050709	-0.050709
470	-0.16759	-0.16759
3169	-0.06665	-0.06665
2870	-0.040387	-0.040387
2347	0.0029978	0.0029978
2872	-0.061336	-0.061336
720	-0.14499	-0.14499
2633	-0.079469	-0.079469
188	-0.053429	-0.053429
2629	-0.26813	-0.26813
2336	-0.054426	-0.054426
2330	-0.049651	-0.049651
169	-0.062871	-0.062871
2348	-0.05847	-0.05847
473	-0.16704	-0.16704
192	-0.056119	-0.056119
723	-0.20949	-0.20949
717	-0.11565	-0.11565
3353	-0.20968	-0.20968
2645	-0.07525	-0.07525
176	-0.093369	-0.093369
175	0.0073099	0.0073099
2983	0.024442	0.024442
182	-0.081807	-0.081807
2341	-0.21305	-0.21305
724	-0.05617	-0.05617
183	-0.15417	-0.15417
2882	-0.06991	-0.06991
2892	-0.1016	-0.1016
719	-0.11186	-0.11186
2873	-0.15472	-0.15472
1931	-0.010885	-0.010885
4089	-0.22417	-0.22417
174	0.13379	0.13379
1929	0.079745	0.079745
4098	-0.028408	-0.028408
3352	0.13588	0.13588
333	-0.031624	-0.031624
2941	-0.0090186	-0.0090186
904	-0.0037693	-0.0037693
1733	-0.13693	-0.13693
1798	-0.042292	-0.042292
3341	-0.090437	-0.090437
2440	0.0072811	0.0072811
4269	0.016616	0.016616
1343	-0.1177	-0.1177
3948	-0.25148	-0.25148
4199	0.0051394	0.0051394
300	-0.10682	-0.10682
1169	-0.039855	-0.039855
4171	-0.07605	-0.07605
3405	-0.26064	-0.26064
3692	0.045557	0.045557
3134	0.10235	0.10235
544	0.015057	0.015057
255	-0.14377	-0.14377
915	-0.033221	-0.033221
262	-0.09574	-0.09574
4149	0	0
3688	0.017879	0.017879
556	-0.039499	-0.039499
2407	-0.042017	-0.042017
288	-0.027538	-0.027538
908	0.10435	0.10435
639	0.10435	0.10435
4198	-0.025237	-0.025237
2116	0.051388	0.051388
3522	0.13911	0.13911
572	0.01046	0.01046
3566	0.19622	0.19622
43	0.079411	0.079411
3570	0.12168	0.12168
1047	-0.082492	-0.082492
2725	0.19323	0.19323
3579	0.24513	0.24513
1404	0.12231	0.10492
4231	0.06091	0.06091
2197	-0.12078	-0.12078
2513	0.23606	0.23606
892	0.11425	0.11425
1415	0.20237	0.20237
2740	0.10894	0.10894
2206	0.12299	0.12299
1523	-0.020159	-0.020159
1225	-0.019886	-0.019886
2541	-0.025948	-0.025948
3499	0.0090014	0.0090014
4225	0.036514	0.036514
3311	0.05568	0.05568
2038	-0.0012865	-0.0012865
103	0.0082494	0.0082494
3877	-0.10002	-0.10002
2952	0.035361	0.035361
3854	0.081085	0.081085
2181	0.12447	0.12447
1526	-0.015245	-0.015245
2134	-0.0531	-0.0531
2683	-0.050833	-0.050833
289	-0.031764	-0.031764
2959	-0.048067	-0.048067
1517	-0.07179	-0.07179
2947	-0.038169	-0.038169
3000	-0.085307	-0.085307
3411	-0.048912	-0.048912
4307	-0.11841	-0.11841
3489	-0.016256	-0.016256
3190	0.029268	0.029268
332	0.14393	0.14393
335	0.10812	0.10812
3744	-0.020008	-0.020008
2986	-0.0219	-0.0219
3013	0.020674	0.020674
2833	0.030353	0.030353
828	0.069961	0.069961
290	0.023281	0.023281
832	0.093	0.093
2726	-0.0035819	-0.0035819
766	0.021059	0.021059
3839	0.075617	0.075617
4160	0.18897	0.18897
3419	0.069069	0.069069
3612	-0.00020073	-0.00020073
1899	0.027727	0.027727
2584	-0.00057501	-0.00057501
2040	0.00051338	0.00051338
2136	0.082614	0.082614
3131	-0.12464	-0.12464
3874	0.21563	0.21563
4061	0.16199	0.16199
1748	0.090352	0.090352
1822	-0.11417	-0.11417
2580	-0.022794	-0.022794
1548	0.018865	0.018865
4032	0.023304	0.023304
247	0.13242	0.13242
1693	0.12156	0.12156
422	0.35344	0.35344
1708	0.010365	0.010365
3027	-0.12897	-0.12897
2439	0.19924	0.19924
831	0.0094296	0.0094296
554	-0.065269	-0.065269
3656	0.054352	0.054352
1864	0.05016	0.05016
829	0.1307	0.1307
3389	-0.05886	-0.05886
4025	-0.04022	-0.045466
1373	0.021005	0.021005
644	0.051551	0.051551
4238	-0.063089	-0.063089
2004	0.080928	0.080928
3620	0.066969	0.066969
334	-0.059616	-0.059616
3402	0.052888	0.052888
1805	0.090161	0.090161
419	-0.017852	-0.017852
2460	-0.01836	-0.01836
1601	-0.15909	-0.15909
3669	-0.15947	-0.15947
962	0.20242	0.20242
969	0.29536	0.29536
3423	-0.080025	-0.080025
3343	0.0041187	0.0041187
1992	-0.083801	-0.083801
1464	-0.21128	-0.21128
2957	0.044905	0.044905
222	-0.14449	-0.14449
1168	-0.078309	-0.078309
3966	-0.0031436	-0.0031436
762	0.048191	0.048191
1193	-0.21003	-0.21003
2242	-0.16362	-0.16362
1483	-0.18365	-0.18365
1812	-0.14323	-0.14323
2944	-0.11451	-0.11451
2042	-0.017541	-0.017541
3678	-0.17517	-0.17517
3663	-0.20535	-0.20535
4240	-0.10465	-0.10465
2985	-0.055672	-0.055672
1288	-0.17193	-0.17193
790	0.04809	0.04809
920	-0.096077	-0.096077
2840	-0.032445	-0.032445
2582	-0.035386	-0.035386
324	-0.27487	-0.27487
2454	0.023167	0.023167
1706	-0.035174	-0.035174
2036	0.015992	0.015992
2167	-0.038875	-0.038875
2408	-0.15803	-0.15803
4201	-0.25533	-0.25533
2120	-0.22346	-0.22346
3670	-0.14766	-0.14766
3327	-0.13079	-0.13079
1485	-0.17716	-0.17716
238	0.0020225	0.0020225
1987	0.15683	0.15683
3930	-0.12034	-0.12034
2107	-0.20999	-0.20999
4054	-0.12578	-0.12578
1153	-0.095385	-0.095385
1933	0.041403	0.041403
4093	-0.13788	-0.13788
2713	0.18531	0.18531
1395	-0.13156	-0.13156
4075	0.064819	0.064819
329	0.067796	0.067796
1555	0.04758	0.04758
4097	0.13932	0.13932
513	0.093234	0.093234
1236	0.15956	0.15956
29	0.074709	0.074709
3202	-0.046214	-0.046214
3534	0.028442	0.028442
2731	0.053747	0.053747
3890	0.065601	0.054543
3504	-0.015186	-0.023023
568	0.000466	0.000466
4100	0.11877	0.11877
3580	-0.0052938	-0.0052938
377	0.067735	0.067735
2199	0.065874	0.065874
1577	0.060867	0.060867
3071	0.034189	0.034189
3409	0.092547	0.092547
4305	-0.11549	-0.11549
641	0.22526	0.22526
2954	-0.051905	-0.051905
2708	0.093405	0.093405
4024	0.12178	0.12178
1471	0.15509	0.15509
1613	0.14823	0.14823
2437	0.12758	0.12758
1765	0.12514	0.12514
2146	0.0014435	0.0014435
4183	0.059671	0.059671
1244	0.071495	0.071495
3745	0.053218	0.053218
3624	0.096218	0.096218
3033	0.13537	0.13537
1368	0.073541	0.073541
1243	-0.004274	-0.004274
1669	0.053849	0.053849
3702	0.067678	0.067678
1867	-0.055654	-0.055654
4259	-0.048537	-0.048537
2809	-0.065321	-0.065321
2260	-0.06654	-0.06654
3130	-0.10024	-0.10024
3008	0.13348	0.13348
5	0.093677	0.093677
1781	-0.09306	-0.09306
1487	0.047331	0.047331
811	0.075818	0.075818
1910	-0.044729	-0.044729
2117	0.039309	0.039309
1895	0.095176	0.095176
4228	0.065964	0.065964
3719	-0.065494	-0.065494
4190	-0.085986	-0.085986
3875	0.072637	0.072637
309	0.086574	0.086574
580	0.086282	0.086282
1044	-0.097955	-0.097955
2503	-0.00055225	-0.00055225
2745	-0.0098421	-0.0098421
1878	-0.12447	-0.12447
1165	0.035366	0.035366
3572	0.17017	0.17017
34	0.024743	0.024743
4041	-0.072182	-0.072182
1497	-0.096409	-0.096409
2129	-0.0060825	-0.0060825
3718	0.013891	0.013891
1449	-0.010493	-0.010493
2950	-0.073007	-0.073007
4066	0.055609	0.061705
3864	0.04186	0.04186
561	-0.045677	-0.045677
1566	0.050638	0.050638
1190	2.96E-05	2.96E-05
2934	-0.019345	-0.019345
2145	0.043424	0.043424
3321	0.0613	0.0613
2457	0.023202	0.023202
2098	-0.12345	-0.12345
2176	0.018995	0.018995
2538	0.029032	0.029032
4021	0.17115	0.17115
416	0.14124	0.14124
303	-0.10903	-0.10499
1245	-0.054473	-0.054473
3734	-0.046247	-0.046247
2416	-0.16498	-0.16498
3767	-0.24023	-0.24023
1276	-0.06863	-0.06863
3484	-0.094533	-0.094533
859	0.088762	0.088762
3648	-0.052245	-0.052245
2269	0.0035853	0.0035853
2575	-0.1492	-0.1492
2394	-0.06512	-0.06512
1419	0.06113	0.099738
578	0.042903	0.042903
427	0.0037544	0.011091
437	0.12284	0.12284
4175	0.073007	0.073007
3932	-0.015021	0.012787
1503	-0.09349	-0.070283
2960	-0.068602	-0.068602
2595	-0.00092391	-0.00092391
2719	-0.09411	-0.09411
2063	0.0024305	0.0024305
1573	-0.051253	-0.020124
1877	-0.13601	-0.13601
2424	0.11877	0.11877
3635	0.03286	0.082772
2961	0.053906	0.058852
1792	-0.0695	-0.0695
2811	-0.04273	-0.04273
3733	-7.52E-05	0.039192
374	0.074104	0.074104
4051	0.017495	0.079283
1358	-0.052892	-0.052892
2710	-0.060135	-0.060135
318	-0.058288	-0.042204
219	-0.21117	-0.21117
2108	0.0033782	0.0067574
2034	0.057338	0.057338
3878	-0.081668	-0.042341
907	-0.058635	-0.058635
1524	0.015244	0.015244
1571	-0.037069	-0.037069
2086	-0.19913	-0.1737
2166	-0.092715	-0.092715
2041	-0.040759	-0.040759
3660	-0.038933	-0.038933
241	-0.24675	-0.24675
3652	-0.013881	-0.013881
3564	0.11633	0.11633
3567	0.021085	0.021085
566	-0.075702	-0.075702
3560	0.020203	0.020203
1408	-0.095112	-0.095112
2109	-0.14708	-0.14708
1808	-0.015419	-0.015419
2419	-0.043203	-0.043203
8	0.022949	0.022949
2054	-0.14142	-0.14142
2818	0.14196	0.14196
1872	-0.10484	-0.10484
1400	-0.0013486	-0.0013486
2974	0.05553	0.05553
2189	0.039834	0.047853
2597	-0.095453	-0.095453
1495	-0.01549	-0.01549
428	0.12113	0.12113
326	0.058343	0.058343
1521	-0.008876	-0.008876
1946	-0.018823	-0.018823
2412	-0.062589	-0.062589
3431	-0.13349	-0.13349
3320	-0.030182	-0.030182
1340	-0.050987	-0.050987
1178	-0.050988	-0.050988
253	-0.41875	-0.41875
1937	-0.0027977	-0.0027977
2164	0.10365	0.10365
426	-0.010672	-0.010672
931	-0.059131	-0.059131
3092	-0.16327	-0.16327
943	-0.15072	-0.15072
399	-0.073986	-0.073986
1983	0.086267	0.086267
950	-0.17605	-0.17605
3107	-0.1334	-0.1334
1979	-0.23401	-0.23401
1275	-0.16659	-0.16659
2556	-0.10472	-0.10472
3342	0.10399	0.10399
3099	-0.065372	-0.065372
936	-0.22736	-0.22736
946	-0.10551	-0.10551
939	-0.11905	-0.11905
3349	-0.097085	-0.097085
2564	-0.094997	-0.094997
3095	-0.066765	-0.066765
2553	-0.23117	-0.23117
3103	-0.12856	-0.12856
2555	-0.10449	-0.10449
400	-0.15773	-0.15773
2560	-0.21872	-0.21872
2551	-0.15669	-0.15669
2554	-0.06157	-0.06157
392	-0.034233	-0.034233
3111	-0.1456	-0.1456
2568	-0.13111	-0.13111
406	-0.20429	-0.20429
413	-0.15459	-0.15459
394	-0.21887	-0.21887
408	0.047719	0.047719
3339	-0.070535	-0.070535
412	-0.018881	-0.018881
2563	-0.1941	-0.1941
409	-0.17446	-0.17446
2562	-0.22288	-0.22288
3105	-0.23972	-0.23972
3096	-0.065457	-0.065457
410	-0.04434	-0.04434
3098	-0.24969	-0.24969
3106	-0.34134	-0.34134
3102	-0.17177	-0.17177
3093	-0.19062	-0.19062
2565	-0.18655	-0.18655
3104	-0.15079	-0.15079
411	-0.082507	-0.082507
396	-0.092869	-0.092869
398	-0.15265	-0.15265
391	-0.056083	-0.056083
938	-0.1463	-0.11256
937	-0.12621	-0.12621
402	-0.14698	-0.14698
2572	-0.00048657	-0.00048657
949	0.025049	0.025049
2561	-0.17128	-0.17128
3110	-0.067195	-0.067195
3113	-0.041305	-0.041305
2573	-0.056846	-0.056846
3100	0.076054	0.076054
3109	-0.12082	-0.12082
2567	-0.016373	-0.016373
2558	-0.17435	-0.17435
942	-0.1335	-0.1335
947	-0.011213	-0.011213
2570	-0.028658	-0.028658
2552	-0.14124	-0.14124
3101	-0.041632	-0.041632
3097	-0.14378	-0.14378
933	-0.017622	-0.017622
2574	-0.0077603	-0.0077603
393	-0.1067	-0.1067
945	-0.066877	-0.066877
2569	-0.075487	-0.075487
935	-0.05375	-0.05375
4143	-0.0083003	-0.026142
2571	0.073024	0.073024
3091	-0.026438	-0.073781
405	-0.047883	-0.047883
944	0.032721	-0.0059826
941	-0.0048659	-0.035176
2566	0.0013347	-0.037627
2557	-0.032395	-0.055052
951	-0.10084	-0.17398
954	0.031264	0.027764
3112	0.030528	-0.01153
3114	-0.067877	-0.067877
953	0.1079	0.1079
940	-0.061881	-0.061881
934	-0.12697	-0.12697
404	-0.020415	-0.020415
403	0.0039591	0.0039591
395	-0.086384	-0.086384
401	-0.13647	-0.15534
414	-0.18325	-0.18325
952	0.0099431	0.0099431
1378	-0.046668	-0.046668
3538	0.17252	0.17252
3108	0.049109	0.049109
1501	0.11574	0.11574
1059	-0.028894	-0.028894
2812	0.073756	0.073756
3502	0.083731	0.083731
2709	0.41575	0.40285
2047	-0.01413	-0.01413
3937	0.0019232	0.0019232
814	0.072964	0.072964
280	0.0068743	0.0068743
2576	0.037049	0.037049
3309	-0.013588	-0.013588
1158	0.0078047	0.0078047
3868	-0.021184	-0.021184
20	-0.040784	-0.040784
2447	0.008526	0.008526
2937	-0.067982	-0.067982
3844	0.12453	0.12453
3392	0.15519	0.15519
2993	0.040196	0.040196
1359	0.064439	0.064439
3836	-0.063313	-0.044656
3941	-0.07643	-0.059839
3319	-0.045054	-0.045054
3386	-0.011453	-0.011453
817	0.037479	0.037479
3673	-0.11124	-0.11124
912	0.011499	0.011499
2390	0.030604	0.030604
848	0.16766	0.16766
1612	0.0018574	0.0018574
3123	-0.19419	-0.19419
2494	-0.093399	-0.093399
117	0.12516	0.12516
1484	0.0051484	0.0051484
1562	-0.049403	-0.049403
2177	-0.0048203	-0.0048203
2032	-0.030194	-0.030194
4053	-0.083915	-0.083915
3451	-0.1208	-0.1208
1331	0.018081	0.018081
3830	-0.099474	-0.086108
4202	-0.17053	-0.17053
1459	-0.18861	-0.18861
2377	-0.28481	-0.28481
271	-0.10049	-0.10049
3769	-0.1609	-0.1609
2266	-0.19626	-0.19626
1339	-0.099375	-0.099375
430	0.056899	0.056899
2925	-0.25814	-0.25814
3831	0.0080381	0.0080381
3837	-0.069677	-0.069677
642	-0.017793	0.010943
966	0.047206	0.047206
3984	0.0065334	0.0065334
3680	0.085106	0.10034
2081	-0.020535	-0.020535
2175	-0.09631	-0.09631
2730	0.11118	0.11118
1957	0.087162	0.087162
2187	-0.011286	-0.011286
4108	-0.076874	-0.076874
1416	-0.037535	-0.037535
2734	0.043549	0.043549
1183	-0.0042617	-0.0042617
307	0.053779	0.058886
2085	0.0048455	0.0048455
1248	-0.073819	-0.073819
3713	-0.098612	-0.098612
3302	-0.012529	-0.012529
657	-0.18102	-0.18102
1325	-0.024121	-0.024121
4072	0.024818	0.024818
1292	-0.16472	-0.16472
1522	-0.04875	-0.04875
3069	0.07137	0.073609
1172	0.045938	0.045938
3754	0.035701	0.038902
2071	0.0031336	0.0031336
2724	-0.011047	-0.011047
3995	-0.10888	-0.10888
3496	-0.054337	-0.054337
3708	0.034893	0.034893
3437	-0.1248	-0.1248
341	-0.11771	-0.11771
2087	-0.16276	-0.16276
1363	0.057256	0.057256
116	0.033482	0.033482
2150	-0.14527	-0.14527
4172	-0.13042	-0.13042
2502	0.080509	0.080509
835	0.067348	0.067348
1052	-0.10082	-0.10082
3036	-0.11417	-0.11417
1051	-0.13674	-0.13674
2497	-0.071948	-0.071948
1170	-0.19949	-0.19949
4284	-0.13968	-0.13968
2815	-0.056201	-0.056201
1815	-0.18024	-0.18024
1370	-0.091166	-0.091166
2984	-0.13851	-0.13851
1167	-0.12409	-0.12409
3026	-0.20542	-0.13462
2807	0.0034642	0.0034642
1915	-0.19005	-0.19005
3542	-0.20506	-0.20506
3743	-0.26049	-0.26049
4265	-0.20719	-0.20719
3083	-0.09812	-0.071292
3501	-0.093182	-0.093182
2449	-0.27767	-0.27767
3746	-0.13185	-0.13185
770	-0.21487	-0.21487
4036	-0.22933	-0.22933
370	-0.0056709	-0.0056709
2581	0.079072	0.079072
1174	-0.094372	-0.094372
2027	-0.014154	-0.014154
2406	-0.11874	-0.11874
2808	-0.034944	-0.034944
2263	-0.019389	-0.019389
2028	-0.1024	-0.1024
4165	0.0011533	0.0011533
3455	-0.062097	-0.062097
3529	0.07519	0.07519
304	-0.027291	-0.022242
3334	-0.068051	-0.068051
1779	-0.07588	-0.07588
3641	-0.12588	-0.12588
3325	-0.0098749	0.015396
3520	-0.042053	-0.042053
1332	-0.22592	-0.22592
2055	-0.044789	-0.044789
327	-0.058818	-0.048404
7	0.014929	0.014929
1771	-0.073931	-0.073931
2088	-0.080291	-0.080291
1284	-0.09446	-0.09446
1883	0.00099114	0.00099114
4226	0.01115	0.01115
2137	-0.088065	-0.088065
2936	-0.08828	-0.08828
3693	-0.079942	-0.079942
3324	0.021996	0.021996
1876	-0.042389	-0.042389
3126	0.011972	0.011972
3408	-0.015595	-0.015595
1542	-0.0021261	-0.0021261
1175	0.045473	0.045473
3956	-0.041576	-0.041576
2078	0.16624	0.16624
3393	-0.01688	-0.01688
4042	0.050435	0.050435
1235	-0.046854	-0.046854
4244	-0.057597	-0.057597
3347	-0.028787	-0.028787
3893	-0.047509	-0.047509
3518	-0.057388	-0.057388
1195	0.056155	0.056155
4182	-0.13615	-0.13615
851	0.030983	0.030983
4253	-0.002304	-0.002304
313	-0.01823	-0.01823
2278	0.082788	0.082788
793	-0.014099	-0.014099
1553	-0.14804	-0.14804
1768	0.075889	0.075889
2033	0.055067	0.055067
2943	-0.12216	-0.12216
3727	-0.070907	-0.070907
2268	0.067016	0.067016
4212	0.062611	0.062611
4194	0.11837	0.11837
1258	0.14015	0.14015
2945	-0.035666	-0.035666
12	0.083906	0.083906
3329	-0.0096826	-0.0096826
2051	-0.061599	-0.061599
295	0.0093205	0.0093205
230	-0.028518	-0.028518
1905	0.068922	0.068922
813	-0.017838	-0.017838
3576	-0.11917	-0.11917
1787	-0.0855	-0.0855
4264	0.092831	0.092831
3056	-0.028168	-0.028168
3397	-0.11561	-0.11561
2066	0.192	0.192
4298	0.13841	0.13841
1727	0.10215	0.10215
1493	0.0077723	-0.0046354
4308	0.036894	0.036894
429	-0.11142	-0.11142
436	-0.04178	-0.04178
2144	-0.082577	-0.082577
1328	-0.042431	-0.042431
1700	-0.017066	-0.017066
3355	0.015178	0.015178
3633	0.13049	0.13049
4022	0.029059	0.029059
1382	0.089497	0.089497
3546	0.34989	0.34989
4215	-0.009478	-0.009478
3323	-0.012154	-0.012154
1786	0.03019	0.03019
3724	0.030548	0.030548
1386	0.16043	0.16043
4095	0.15049	0.15049
3886	0.18134	0.18134
1182	0.0053789	0.0053789
4158	0.056533	0.056533
4288	-0.031679	-0.031679
2169	0.013972	0.013972
3084	0.089562	0.089562
277	0.079699	0.079699
3516	0.049339	0.049339
1710	0.047267	0.047267
2990	0.030758	0.058286
3853	-0.014851	-0.014851
4309	-0.014792	-0.014792
3490	0.13029	0.13029
3119	0.23621	0.23621
543	-0.094769	-0.095253
424	0.14084	0.14084
4304	-0.066176	-0.066176
373	0.18637	0.18637
2804	0.02419	0.02419
1674	0.095302	0.095302
2009	0.0097432	0.0097432
296	-0.060926	-0.060926
3497	-0.16041	-0.16041
2692	-0.080515	-0.080515
2684	0.17633	0.17633
3834	0.021125	0.021125
4205	-0.038614	-0.038614
1676	-0.068274	-0.068274
3765	0.064545	0.064545
3835	0.14187	0.14187
140	-0.15749	-0.15749
650	-0.085959	-0.085959
1836	-0.085455	-0.085455
4301	0.1897	0.1897
4094	0.22005	0.22871
2471	-0.063074	-0.063074
1819	0.079685	0.079685
781	0.13368	0.13368
3038	-0.055777	-0.055777
2962	-0.022196	-0.022196
2022	-0.052479	-0.052479
3711	0.0044801	0.0044801
1892	-0.078804	-0.078804
1558	-0.13586	-0.13586
4278	-0.15848	-0.15848
822	-0.17739	-0.1881
3740	-0.050833	-0.050833
812	-0.065882	-0.065882
2701	-0.01032	-0.01032
1232	-0.026974	-0.026974
3709	-0.16092	-0.16092
2415	-0.23438	-0.23438
1702	-0.030851	-0.030851
1229	-0.097713	-0.097713
2470	-0.077847	-0.077847
2090	-0.04251	-0.062721
2706	-0.31115	-0.33103
2057	-0.083614	-0.083614
4282	-0.029455	-0.029455
3314	-0.022799	-0.022799
2705	-0.12469	-0.12469
830	-0.20294	-0.20294
2995	0.05964	0.05964
541	-0.036427	-0.036427
1538	-0.18613	-0.18613
3498	-0.10864	-0.10864
4243	-0.044414	-0.044414
1291	0.041717	0.041717
1155	-0.070178	-0.070178
2819	0.051929	0.051929
3359	-0.076671	-0.076671
816	0.070987	0.070987
4031	0.020846	0.020846
1563	0.035645	0.035645
3486	-0.02515	-0.02515
2469	0.029759	0.029759
3305	-0.13909	-0.13909
2267	-0.011151	-0.011151
2735	-0.1006	-0.1006
3194	-0.15898	-0.15898
3485	0.013014	0.013014
100	-0.0063193	-0.0063193
4219	0.040688	0.040688
3432	-0.086509	-0.086509
4174	-0.21132	-0.21132
2917	-0.12671	-0.12671
3483	-0.052709	-0.052709
4251	-0.055088	-0.055088
3290	-0.029963	-0.029963
3849	-0.012104	-0.012104
2402	-0.15673	-0.15673
558	-0.10741	-0.10741
4254	-0.095285	-0.095285
1480	0.0069259	0.0069259
2170	-0.045196	-0.045196
1907	-0.030036	-0.030036
1251	0.036768	0.036768
3550	0.10854	0.10854
1401	0.10589	0.10589
3533	-0.049667	-0.049667
1390	-0.090028	-0.090028
4079	-0.099208	-0.099208
3697	0.0093865	0.0093865
786	-0.0037785	-0.0037785
821	0.051782	0.051782
826	-0.1887	-0.1887
2053	-0.010247	-0.010247
1041	-0.062738	-0.062738
1599	-0.033522	-0.033522
2527	-0.043986	-0.043986
575	-0.0013	-0.0013
340	-0.21227	-0.21227
2141	-0.22243	-0.22243
2479	-0.21445	-0.21445
3354	0.020805	0.020805
885	-0.099244	-0.099244
1198	0.047126	0.047126
2466	-0.074281	-0.074281
3977	-0.1777	-0.1777
3700	-0.10399	-0.10399
3293	-0.21038	-0.21038
2717	-0.14214	-0.14214
15	-0.16197	-0.16197
3034	-0.17145	-0.17145
3559	-0.074341	-0.074341
569	0.015954	0.015954
3004	-0.13057	-0.13057
2061	-0.098083	-0.098083
3299	-0.13053	-0.13053
1712	-0.044387	-0.044387
3200	-0.055338	-0.055338
3629	-0.11141	-0.11141
2737	0.04286	0.04286
1961	-0.17378	-0.17378
46	-0.092151	-0.092151
519	-0.185	-0.185
3216	-0.23912	-0.23912
4180	0.035763	0.035763
2434	-0.025138	-0.025138
3035	0.060543	0.060543
4213	-0.066216	-0.066216
302	0.038027	0.038027
3698	-0.0053897	-0.0053897
3338	0.17352	0.17352
557	0.023103	0.023103
1399	-0.091041	-0.091041
3840	-0.17851	-0.17851
1529	-0.12663	-0.12663
3562	0.055273	0.055273
45	-0.20584	-0.20584
3738	-0.15969	-0.15969
4122	-0.037025	-0.037025
4280	0.0081134	0.0081134
3621	0.12282	0.12282
4106	0.17272	0.17272
2196	0.41936	0.41936
3885	0.43155	0.43155
3053	0.151	0.151
637	0.093214	0.093214
2660	-0.0098806	-0.0098806
3869	0.017213	0.017213
2744	0.020457	0.020457
3883	-0.017621	-0.017621
2008	-0.033876	-0.033876
36	-0.0048799	-0.0048799
4118	0.15891	0.15891
1942	0.10276	0.10276
1045	0.038188	0.038188
2654	-0.050699	-0.050699
3193	0.12316	0.12316
2065	-0.056261	-0.056261
3739	0.16827	0.16827
3928	0.088933	0.088933
3571	0.070413	0.070413
577	-0.011688	-0.011688
1410	0.14282	0.14282
585	-0.10551	-0.10551
3515	0.21825	0.21825
2702	0.13791	0.13791
4250	0.022978	0.022978
2023	0.070427	0.070427
3201	-0.046355	-0.046355
3025	-0.020434	-0.020434
1537	0.018355	0.018355
3003	-0.026555	-0.026555
1911	-0.0056407	-0.0056407
2102	-0.12649	-0.12649
2435	-0.071808	-0.071808
3958	0.067776	0.067776
3608	0.11979	0.11979
3070	0.089088	0.089088
1160	0.061575	0.061575
3351	0.11546	0.11546
1774	0.14999	0.14999
4073	0.18677	0.18677
1709	0.20769	0.20769
4207	0.27959	0.27959
1816	0.0089011	0.0089011
2946	0.061547	0.061547
647	-0.023641	-0.023641
319	0.16825	0.16825
1551	0.045013	0.045013
4186	0.089418	0.089418
1939	0.11723	0.11723
2082	0.045201	0.045201
3870	-0.060126	-0.060126
3859	-0.045753	-0.045753
844	-0.085141	-0.085141
4257	-0.077786	-0.077786
1701	-0.03993	-0.03993
2174	0.051807	0.051807
3691	0.12158	0.12158
1499	-0.040878	-0.040878
286	0.25561	0.25561
1880	0.053869	0.053869
849	-0.025471	-0.025471
1919	0.060757	0.060757
4043	0.051729	0.051729
3554	0.03817	0.03817
1900	0.069082	0.069082
2106	0.16248	0.16248
758	0.050594	0.050594
1394	0.0029785	0.0029785
1380	0.056193	0.056193
4044	-0.07426	-0.07426
4173	-0.024233	-0.024233
1861	-0.17295	-0.17295
4279	0.11328	0.11328
1506	0.095056	0.095056
548	0.078625	0.078625
1516	-0.091267	-0.091267
3946	0.098153	0.098153
1998	-0.082435	-0.082435
2982	-0.11634	-0.11634
970	0.13385	0.13385
3503	-0.12055	-0.12055
928	-0.066192	-0.066192
2111	-0.043691	-0.043691
1729	0.0067994	0.0067994
2015	0.068957	0.068957
104	-0.029353	-0.029353
378	-0.062806	-0.077481
4261	-0.13961	-0.13961
3513	0.015057	0.015057
2464	-0.037496	-0.037496
3482	0.023291	0.023291
1897	-0.0018889	-0.0018889
3418	0.10268	0.10268
1164	0.060065	0.060065
1514	0.023509	0.023509
1908	0.0023037	0.0023037
1673	-0.095712	-0.095712
3962	-0.10335	-0.10335
1337	-0.084719	-0.084719
1906	-0.026047	-0.026047
850	-0.0031812	-0.0031812
2048	-0.11511	-0.11511
218	-0.17004	-0.17004
542	0.074644	0.074644
316	-0.042903	-0.042903
2797	-0.041909	-0.041909
106	-0.013205	-0.013205
252	0.031288	0.031288
1603	-0.068105	-0.068105
1694	0.11438	0.11438
1510	0.016166	0.016166
11	0.14637	0.14637
13	-0.01843	-0.01843
2423	0.078675	0.078675
865	-0.14683	-0.14683
2275	-0.13075	-0.13075
4152	0.060558	0.060558
418	0.051414	0.051414
655	-0.093851	-0.093851
1468	-0.012347	-0.012347
245	-0.20382	-0.20382
1181	-0.10654	-0.10654
643	-0.12737	-0.12737
823	0.0048765	0.0048765
1505	0.019298	0.019298
845	-0.037237	-0.037237
2996	-0.026598	-0.026598
3080	0.033277	0.033277
98	0.05811	0.05811
1247	-0.1082	-0.1082
4248	-0.12597	-0.12597
3005	-0.056976	-0.056976
3524	-0.043774	-0.043774
1525	0.12717	0.12717
3345	0.12711	0.12711
4230	-0.053878	-0.053878
852	0.087576	0.087576
3420	0.079564	0.079564
2528	0.10105	0.10105
3934	0.071857	0.071857
2163	0.095962	0.095962
4276	-0.11418	-0.11418
965	0.10245	0.066895
3631	-0.0093836	-0.0093836
3331	-0.25121	-0.25121
415	0.096319	0.096319
837	0.007649	0.007649
2070	0.037281	0.037281
2991	-0.047691	-0.047691
3558	-0.091417	-0.091417
4083	-0.16336	-0.16336
3969	-0.12976	-0.12976
2382	-0.019479	-0.019479
4147	-0.023616	-0.023616
1544	-0.047091	-0.047091
3492	0.11602	0.11602
1697	-0.059292	-0.059292
672	0.0079851	0.0079851
1398	0.02505	0.02505
3544	0.13738	0.13738
125	-0.056251	-0.056251
2021	-0.034191	-0.080657
3848	0.0098768	0.0098768
123	0	0
1406	0.082879	0.082879
1687	-0.0053849	-0.0053849
1187	-0.0076342	-0.0076342
1457	0.049586	0.049586
1188	0.11289	0.11289
2824	0.04899	0.04899
670	0	0
1450	-0.075254	-0.075254
3039	0.19762	0.19762
135	0	0
2302	0	0
1454	0.15624	0.15624
681	0	0
1684	0.14526	0.14526
2679	-0.13661	-0.13661
2837	-0.094474	-0.094474
679	0.052944	0.052944
1137	0.0077073	0.0077073
676	-0.0046513	-0.0046513
3220	-0.0064178	-0.0064178
2282	0	0
528	-0.04628	-0.04628
122	0	0
132	-0.11592	-0.11592
2672	-0.13904	-0.13904
2583	-0.013755	-0.013755
2396	-0.27601	-0.27601
674	0	0
2828	-0.20951	-0.20951
3404	-0.001366	-0.001366
678	0	0
663	0.017278	0.017278
667	-0.033722	-0.033722
4169	0.057227	0.057227
139	-0.1198	-0.1198
668	-0.062673	-0.062673
662	0	0
2294	0	0
337	0.094684	0.094684
2083	0.080208	0.080208
2101	-0.019356	-0.019356
3014	-0.0044763	-0.0044763
144	-0.0093733	-0.0093733
2577	0.10847	0.10847
2304	0.0168	0.0168
2951	0.022847	0.022847
673	0.072219	0.072219
2841	0	0
682	0	0
2830	0	0
3292	0.039252	0.039252
127	0	0
3949	-0.16921	-0.16921
652	0.14025	0.14025
121	-0.030241	-0.030241
797	-0.096397	-0.096397
551	-0.018014	-0.018014
2287	0	0
3449	-0.067013	-0.067013
3614	0.14614	0.14614
1135	-0.015845	-0.015845
3610	0.055705	0.055705
868	-0.14329	-0.14329
1279	-0.12942	-0.12942
2495	0.072891	0.072891
136	0.16029	0.16029
3042	-0.054712	-0.054712
2834	0	0
2836	-0.087036	-0.087036
1384	-0.09859	-0.09859
1938	0.064978	0.064978
4078	-0.012663	-0.012663
2910	0.0017224	0.0017224
1432	-0.072667	-0.072667
733	-0.01683	-0.01683
741	0.00093142	0.00093142
2373	-0.10056	-0.10056
745	0.03003	0.03003
2902	0.065989	0.065989
2354	0.087326	0.087326
1968	0.1396	0.1396
2905	0.043463	0.043463
3588	0.068101	0.068101
4124	0.13043	0.13043
194	-0.10869	-0.10869
205	-0.018133	-0.018133
1444	0.091174	0.091174
746	-0.12407	-0.12407
749	-0.10242	-0.10242
197	-0.12817	-0.12817
210	-0.0034042	-0.0034042
1436	-0.023589	-0.023589
3064	0.15195	0.15195
357	0.19965	0.19965
201	-0.079238	-0.079238
3604	-0.014864	-0.014864
346	0.11754	0.11754
2901	-0.13876	-0.13876
738	0.14992	0.14992
3600	0.22271	0.22271
3592	0.042705	0.042705
2369	0.023073	0.023073
2893	0.0022389	0.0022389
1428	0.0061931	0.0061931
213	-0.10909	-0.10909
750	-0.01233	-0.01233
753	0.066007	0.078992
2353	-0.028439	-0.028439
2357	-0.01292	-0.01292
193	-0.077076	-0.077076
3045	0.10584	0.10584
2365	-0.007408	-0.007408
206	-0.13718	-0.13718
3596	0.0064229	0.0064229
3060	0.22795	0.22795
2509	0.16225	0.16225
2913	-0.11597	-0.11597
349	0.15106	0.15106
2906	0.11099	0.11099
2366	0.101	0.101
2897	-0.0074582	-0.0074582
353	0.2544	0.2544
2894	0.24327	0.24327
350	0.21291	0.21291
3584	0.13985	0.13985
742	0.18543	0.18543
893	0.031167	0.031167
1424	0.058802	0.058802
4128	0.070572	0.070572
2361	0.038008	0.038008
2358	0.014514	0.014514
2898	-0.034597	-0.034597
209	0.13687	0.13687
1918	0.058294	0.058294
4132	0.030264	0.030264
3051	-0.14956	-0.14956
760	0.0099767	-0.027577
2392	0.015366	0.015366
2748	0.1332	0.1332
3047	0.18973	0.18973
240	-0.065129	-0.065129
220	-0.022031	-0.022031
2920	-0.048248	-0.048248
2380	0.010291	0.010291
887	0.14684	0.14684
236	-0.052194	-0.052194
2940	-0.17739	-0.17739
3059	-0.0080994	-0.012013
899	0.124	0.10871
2932	-0.080549	-0.080549
768	-0.058928	-0.059581
776	-0.10935	-0.10935
891	0.069653	0.069653
344	0.14438	0.14438
895	0.051644	0.051644
3063	0.034046	0.034046
232	0.035264	0.035264
2924	0.04972	0.04972
764	0.004468	0.004468
2097	-0.19093	-0.19093
1922	0.0067093	0.0067093
4082	0.0099188	0.0099188
2400	0.024962	0.024962
4008	-0.042059	-0.042059
2911	-0.0075762	-0.0075762
2903	0.033144	0.033144
531	-0.057452	-0.057452
3464	-0.097906	-0.097906
2895	-0.034983	-0.034983
3211	-0.10888	-0.10888
1056	-0.26892	-0.26892
2899	-0.17347	-0.17347
2356	-0.02749	-0.02749
739	-0.069982	-0.069982
2915	-0.076829	-0.076829
3468	-0.05014	-0.05014
2896	-0.14038	-0.14038
751	0.061773	0.061773
3472	-0.11367	-0.11367
735	-0.083235	-0.083235
4004	-0.067726	-0.067726
1320	0.11128	0.11128
1840	-0.10528	-0.10528
2376	-0.1083	-0.1083
1304	-0.012584	-0.012584
2907	-0.008644	-0.008644
200	-0.1543	-0.1543
196	-0.034845	-0.034845
1308	-0.089222	-0.089222
3460	-0.13368	-0.13368
208	-0.091756	-0.091756
2514	0.0095526	0.0095526
204	-0.086598	-0.086598
755	-0.077907	-0.077907
2368	-0.1764	-0.1764
1852	0.063988	0.063988
2360	0.12057	0.12057
1312	0.090884	0.090884
2006	0.15488	0.15488
884	0.033856	0.033856
1731	-0.094481	-0.094481
1844	0.065963	0.065963
1316	-0.10823	-0.10823
3476	-0.030928	-0.03507
2372	-0.0028802	-0.0028802
3480	-0.097611	-0.097611
2364	-0.071726	-0.071726
1300	-0.15374	-0.15374
736	-0.067966	-0.067966
212	-0.19603	-0.19603
1848	-0.22925	-0.22925
743	0.13241	0.13241
4091	-0.16732	-0.16732
4086	-0.11699	-0.11699
216	-0.0067628	-0.0067628
1923	-0.066872	-0.066872
1926	-0.082099	-0.082099
1583	-0.15823	-0.15823
1260	-0.15139	-0.15139
2270	-0.12148	-0.12148
2817	-0.10784	-0.10784
1150	-0.10939	-0.10939
571	0.12205	0.12205
3041	-0.0496	-0.0496
1032	-0.21798	-0.21798
3046	-0.20885	-0.20885
3188	-0.13228	-0.13228
1591	-0.15434	-0.15434
3433	-0.02422	-0.02422
4107	0.084719	0.084719
1036	-0.064479	-0.064479
1028	0.030809	0.030809
1677	-0.053294	-0.053294
1042	-0.23021	-0.23021
3888	-0.037281	-0.037281
3728	-0.16141	-0.16141
2474	-0.050384	-0.050384
872	-0.17205	-0.17205
369	-0.03844	-0.03844
2587	-0.38572	-0.38572
3768	-0.095535	-0.095535
2017	-0.013556	-0.013556
19	0.025345	0.025345
1171	0.01423	0.01423
41	-0.069596	-0.069596
1301	-0.04663	-0.04663
497	-0.068564	-0.068564
2976	0.038644	0.038644
3467	-0.10372	-0.10372
1843	-0.040407	-0.040407
3602	-0.016506	-0.016506
1817	-0.15759	-0.15759
3771	-0.13939	-0.13939
1985	0.068633	0.068633
1849	-0.040121	-0.040121
3462	-0.1412	-0.1412
3479	-0.33634	-0.33634
1973	-0.039333	-0.039333
3594	-0.10608	-0.10608
1847	-0.18008	-0.18008
3471	-0.35224	-0.35224
3477	-0.24369	-0.24369
3589	-0.019293	-0.019293
1434	-0.16929	-0.16929
1425	-0.02039	-0.02039
1446	-0.15683	-0.15683
1981	0.051954	0.052408
1839	-0.083917	-0.083917
3598	-0.054475	-0.054475
1969	-0.089217	-0.089217
1306	-0.1582	-0.1582
1442	0.065254	0.065254
3461	-0.045627	-0.045627
2517	0.10624	0.10624
1314	-0.019454	-0.019454
4145	0.018637	0.018637
3463	0.059198	0.059198
4126	-0.22483	-0.22483
1965	-0.098264	-0.098264
4125	-0.013506	-0.013506
1315	-0.15275	-0.15275
4014	-0.082023	-0.082023
1437	-0.015866	-0.015866
3605	-0.08497	-0.08497
3593	-0.1012	-0.1012
4007	-0.047977	-0.047977
4005	-0.059873	-0.059873
3585	-0.040953	-0.040953
4003	-0.059756	-0.059756
1841	0.02202	0.02202
3458	-0.22716	-0.22716
1441	0.060421	0.060421
1297	-0.1909	-0.1909
4018	-0.21105	-0.21105
3606	-0.043713	-0.043713
4133	-0.14882	-0.14882
1318	-0.1686	-0.1686
1857	-0.2961	-0.2961
4129	0.020118	0.020118
4141	-0.09212	-0.09212
1433	-0.11511	-0.11511
1310	-0.10888	-0.10888
1858	-0.30402	-0.30402
1837	-0.23364	-0.23364
4006	-0.2243	-0.2243
1445	-0.044055	-0.044055
1430	-0.087603	-0.087603
1302	-0.032346	-0.032346
3997	-0.11578	-0.11578
1311	-0.19712	-0.19712
1313	-0.29589	-0.29589
3052	-0.096764	-0.096764
1299	-0.09075	-0.09075
1319	-0.13283	-0.13283
1845	-0.14331	-0.14331
4001	-0.046898	-0.046898
1838	0.028179	0.028179
1305	-0.051736	-0.051736
4002	-0.02501	-0.02501
3466	-0.028631	-0.028631
3478	-0.19625	-0.19625
1853	-0.16796	-0.16796
3998	-0.10321	-0.08812
1307	-0.058175	-0.058175
1846	-0.064888	-0.051015
3465	-0.10183	-0.10183
3474	-0.14287	-0.14287
4013	-0.066632	-0.066632
1850	-0.12109	-0.12109
3999	-0.17247	-0.17247
3469	-0.10164	-0.10164
3586	-0.36605	-0.36605
4017	-0.075015	-0.075015
1309	-0.27991	-0.27991
1429	-0.1386	-0.1386
3475	-0.029192	-0.029192
1438	-0.029675	-0.029675
1303	-0.15342	-0.15342
1426	0.018596	0.018596
3459	-0.29277	-0.29277
3470	0.015061	0.015061
1966	-0.0040529	-0.0040529
3473	-0.14717	-0.14717
1977	-0.21396	-0.21396
4137	-0.104	-0.104
1317	-0.155	-0.155
4010	-0.040196	-0.040196
487	-0.18552	-0.18552
4110	-0.17111	-0.17111
1414	0.029937	0.029937
3133	0.27589	0.27589
2261	-0.11632	-0.11632
2729	-0.10905	-0.10905
488	-0.035886	-0.035886
1326	0.036415	0.036415
40	0.056081	0.056081
1541	-0.0086411	-0.0086411
4087	-0.1213	-0.1213
320	0	0
1614	0	0
860	0	0
2142	0	0
321	0	0
1690	0	0
3301	0	0
1678	0	0
1296	0	0
3448	0	0
1145	0	0
867	0	0
2493	0	0
2496	0	0
322	0	0
870	0	0
3845	0	0
3842	0	0
3020	0	0
4302	0	0
1146	0	0
339	0	0
3032	0	0
879	0	0
1610	0	0
3992	0	0
4297	0	0
2152	0	0
3975	0	0
