3535	0.172732354	0.172732354
3537	-0.017960306	-0.017960306
2305	-0.050515214	-0.050515214
145	-0.063263815	-0.063263815
2309	-0.057539729	-0.057539729
2213	-0.05261642	-0.05261642
149	-0.084591023	-0.084591023
3	-0.038449763	-0.038449763
2313	-0.017096196	-0.013505836
153	-0.043073488	-0.043073488
2317	-0.043073488	-0.043073488
3358	-0.043073488	-0.043073488
157	-0.043073488	-0.043073488
53	-0.051622213	-0.051622213
2321	-0.051622213	-0.051622213
161	-0.045328731	-0.045328731
57	-0.045328731	-0.045328731
2325	-0.037004944	-0.037004944
165	-0.037004944	-0.037004944
2221	-0.035285633	-0.035285633
2845	-0.046271598	-0.046271598
61	-0.028293044	-0.028293044
3491	-0.019468754	-0.019468754
685	-0.019468754	-0.019468754
689	-0.019468754	-0.019468754
2849	-0.019468754	-0.019468754
900	-0.029922381	-0.029922381
693	-0.001239005	0.022800332
2853	0.003511397	0.003511397
2857	-0.013182441	-0.013182441
2229	-0.00178473	-0.00178473
69	-0.00178473	-0.00178473
2749	0.009606811	0.013384158
697	-0.024705534	-0.024705534
589	-0.028772039	-0.028772039
2861	-0.042026066	-0.042026066
701	-0.040757448	-0.040757448
2865	-0.040757448	-0.040757448
705	-0.017548357	-0.017548357
2753	0.001889999	0.001889999
3048	0.001889999	0.001889999
593	0.001889999	0.001889999
2306	0.001889999	0.001889999
2757	-0.004735218	-0.004735218
597	-0.004735218	-0.004735218
2761	-0.011818468	-0.011818468
3891	-0.011818468	-0.011818468
146	-0.025832148	-0.025832148
601	-0.006651456	-0.006651456
2765	0.00397569	0.00397569
605	-0.008412351	-0.008412351
2769	-0.008412351	-0.008412351
2310	-0.025272867	-0.025272867
150	-0.025272867	-0.025272867
609	-0.009294998	-0.009294998
2210	-0.023886464	-0.023886464
2500	-0.033982317	-0.033982317
154	-0.041394142	-0.044666238
2318	-0.025708132	-0.025708132
158	-0.025708132	-0.025708132
1286	-0.021924363	-0.021924363
2139	-0.024065737	-0.024065737
50	-0.006278259	-0.006278259
2214	0.004553766	0.004553766
2322	0.007199982	0.007199982
162	0.007199982	0.007199982
2218	0.007199982	0.007199982
2326	0.003890539	0.003890539
166	-0.030498739	-0.030498739
2846	0.008254667	0.008254667
686	0.004198596	0.004198596
2850	0.004198596	0.004198596
58	0.008427615	0.008427615
690	0.010180602	0.010180602
2680	0.012712346	0.012712346
2854	0.009490953	0.009490953
2222	0.009490953	0.009490953
62	0.009490953	0.009490953
2858	0.009490953	0.009490953
2226	0.009490953	0.009490953
66	0.009490953	0.009490953
698	0.018318474	0.018318474
2230	0.009555141	0.009555141
523	0.009555141	0.009555141
706	-0.025459704	-0.025459704
2750	0.013536323	0.013536323
590	0.002363481	0.002363481
1826	0.002363481	0.002363481
4296	0.002363481	0.002363481
2754	0.002363481	0.002363481
2307	0.002363481	0.002363481
147	0.007993802	0.007993802
2311	0.043171526	0.043171526
151	0.021366134	0.021366134
594	0.025403298	0.025403298
2758	-0.005617696	-0.005617696
598	0.016230726	0.016230726
2315	0.016230726	0.016230726
155	0.002804148	0.002804148
2319	0.013270985	0.013270985
2762	0.013270985	0.013270985
602	0.017091069	0.017091069
2766	0.017091069	0.017091069
606	0.017091069	0.017091069
2770	0.024127556	0.024127556
610	0.024127556	0.024127556
70	0.024127556	0.024127556
4184	0.024127556	0.024127556
2211	0.024127556	0.024127556
159	0.027351655	0.027351655
51	0.027351655	0.027351655
2215	0.027351655	0.027351655
55	0.027351655	0.027351655
2219	0.027351655	0.027351655
163	0.017188904	0.017188904
2327	0.006705772	0.006705772
59	0.012189283	0.012189283
2847	0.024761969	0.024761969
2223	0.013058218	0.013058218
63	0.013058218	0.013058218
687	0.024076059	0.024076059
2227	0.024076059	0.024076059
2525	-0.003393043	-0.003393043
691	0.025654711	0.025654711
2855	0.025654711	0.025654711
2231	0.025654711	0.025654711
3067	0.025654711	0.025654711
695	0.021935492	0.021935492
2859	0.024232333	0.024232333
71	0.040681606	0.040681606
591	0.143463638	0.143463638
2755	0.147136742	0.147136742
595	0.150185021	0.150185021
2759	0.150185021	0.150185021
2763	0.164440549	0.164440549
603	0.164440549	0.164440549
607	0.164440549	0.164440549
2767	0.164440549	0.164440549
2771	0.164440549	0.164440549
611	0.160414311	0.160414311
2212	0.151849568	0.151849568
52	0.151849568	0.151849568
2216	0.160636442	0.160636442
56	0.160636442	0.160636442
2220	0.152574411	0.152574411
60	0.15530864	0.15530864
3336	0.158519615	0.158519615
64	0.162802145	0.162802145
148	0.143238536	0.114208503
68	0.174652858	0.174652858
2232	0.174652858	0.174652858
365	0.171874766	0.171874766
72	0.174610681	0.174610681
2752	0.174610681	0.174610681
592	0.174610681	0.174610681
2756	0.174610681	0.174610681
596	0.174610681	0.174610681
3350	0.164710907	0.164710907
2760	0.146484563	0.146484563
361	0.149481438	0.149481438
164	0.149481438	0.149481438
2764	0.179707825	0.179707825
604	0.179707825	0.179707825
2768	0.194517779	0.194517779
612	0.194517779	0.194517779
2623	0.202819149	0.202819149
463	0.218424427	0.218424427
467	0.218424427	0.218424427
2631	0.218424427	0.218424427
471	0.218424427	0.218424427
2635	0.22494299	0.22494299
2639	0.201319802	0.201319802
479	0.201319802	0.201319802
1988	0.21444235	0.21444235
2643	0.218808285	0.218808285
3895	0.215015894	0.215015894
3163	0.201751204	0.201751204
1003	0.194300309	0.194300309
1007	0.198420308	0.198420308
3171	0.198420308	0.198420308
3175	0.198890092	0.198890092
1011	0.19378403	0.19378403
1015	0.200765914	0.200765914
3179	0.200765914	0.200765914
1019	0.200765914	0.200765914
3183	0.200765914	0.200765914
1718	0.200765914	0.200765914
1023	0.186621153	0.186621153
2624	0.196157476	0.196157476
464	0.196157476	0.196157476
3164	0.212189994	0.212189994
2628	0.184203247	0.184203247
2632	0.184203247	0.184203247
472	0.161139964	0.16672931
2636	0.139825211	0.139825211
2640	0.087692458	0.087692458
480	0.08288521	0.08288521
2848	0.081287733	0.081287733
688	0.139178512	0.139178512
2644	0.142892254	0.142892254
484	0.155666281	0.161350358
3168	0.144125168	0.144125168
1008	0.144125168	0.144125168
3172	0.144125168	0.144125168
1012	0.140506065	0.140506065
3176	0.140506065	0.140506065
1020	0.135024981	0.135555912
1375	0.114809082	0.135469411
1377	0.131371847	0.131371847
2625	0.131371847	0.131371847
3539	-0.013451806	-0.013451806
3541	-0.003742365	-0.003742365
1163	-0.013765542	-0.013765542
4313	-0.013765542	-0.013765542
3931	-0.013765542	-0.013765542
1241	-0.01883392	-0.01883392
1552	-0.01883392	-0.01883392
1865	-0.01883392	-0.01883392
3407	-0.01883392	-0.01883392
2171	-0.01883392	-0.01883392
1833	-0.014462284	-0.014462284
2131	-0.010767342	-0.010767342
1362	-0.010767342	-0.010767342
1735	-0.010767342	-0.010767342
2484	-0.010767342	-0.010767342
648	-0.026764508	-0.026764508
3387	0.005779733	0.005779733
1226	-0.002580387	-0.002580387
293	-0.002580387	-0.002580387
3326	-0.005043795	-0.005043795
825	-0.005043795	-0.005043795
2019	-0.005043795	-0.005043795
4306	-0.005043795	-0.005043795
1199	-0.005043795	-0.005043795
4070	-0.005043795	-0.005043795
4192	-0.009320336	-0.009320336
2058	-0.009320336	-0.009320336
2135	-0.01174808	-0.01174808
3422	-0.01174808	-0.01174808
3412	-0.013964023	-0.013964023
311	-0.013964023	-0.013964023
2929	-0.011103773	-0.006549853
761	-0.018752916	0.001602711
3627	-0.018752916	0.001602711
3335	-0.012956237	0.001268252
306	-0.012956237	0.001268252
3666	-0.012182361	-0.011322283
843	-0.012182361	-0.011322283
3925	-0.012182361	-0.011322283
1151	-0.009639	-0.009639
3843	0.012920692	0.026830738
2012	0.005106611	0.005106611
1492	0.005106611	0.005106611
4310	0.007241705	0.007241705
3857	0.008378733	0.008378733
1333	0.008378733	0.008378733
3867	0.008378733	0.008378733
2477	0.008378733	0.008378733
4286	0.008378733	0.008378733
1342	0.009424457	0.01399609
1272	0.000303508	0.000303508
2127	-0.067089317	-0.008134738
435	-0.114504009	-0.105085726
4214	-0.114276071	-0.08896882
3741	-0.021871002	-0.016625405
2510	-0.007807547	0.007547915
2165	0.005884545	0.005884545
1344	0.017409768	0.017409768
4150	0.005770924	0.005770924
3016	0.001738594	0.001738594
1234	-0.003241022	-0.003241022
2411	-0.003241022	-0.003241022
3527	-0.003241022	-0.003241022
971	-0.039907063	-0.035320393
1173	0.008345205	0.008345205
546	0.008345205	0.008345205
3766	0.008345205	0.008345205
4223	0.008345205	0.008345205
1249	0.008345205	0.008345205
2024	0.014069263	0.014069263
2121	0.01871037	0.01871037
1719	0.034778167	0.034778167
14	0.034778167	0.034778167
2257	0.025663625	0.025663625
4188	0.025663625	0.025663625
2922	0.016999214	0.016999214
1481	0.015259044	0.015259044
233	0.015259044	0.015259044
2814	0.013713521	0.013713521
1327	-0.010393167	0.00153368
2095	-0.010393167	0.00153368
864	0.003622712	0.003622712
3613	0.008320057	0.008320057
545	0.008320057	0.008320057
1782	0.008320057	0.008320057
1569	0.008320057	0.008320057
257	0.008320057	0.008320057
1230	0.016887549	0.016887549
4065	0.016887549	0.016887549
2955	0.010500272	0.010500272
4267	0.004314137	0.004314137
1	0.004314137	0.004314137
1323	0.004314137	0.004314137
2091	0.004314137	0.004314137
2035	0.004314137	0.004314137
559	0.004314137	0.004314137
4067	0.005119858	0.005119858
4038	0.003015578	0.003015578
3500	-0.037466003	-0.037466003
432	-0.00342536	-0.00342536
274	-0.004337637	-0.004337637
1780	-0.004337637	-0.004337637
3721	-0.004337637	-0.004337637
1366	-0.018911885	-0.006609256
4058	-0.018911885	-0.006609256
417	0.027128453	0.027128453
4074	-0.0188728	-0.006733547
2928	-0.0188728	-0.006733547
1862	-0.020183102	-0.020183102
4270	-0.017946428	-0.017946428
3007	-0.017946428	-0.017946428
2114	-0.017946428	-0.017946428
1239	-0.017946428	-0.017946428
4064	-0.017946428	-0.017946428
1360	-0.017946428	-0.017946428
234	-0.017946428	-0.017946428
1589	-0.017946428	-0.017946428
2467	-0.024597626	-0.024597626
560	-0.029293397	-0.029293397
2720	-0.029293397	-0.029293397
2542	-0.029293397	-0.029293397
1246	-0.033183171	-0.033183171
2813	-0.017181915	-0.017181915
1546	-0.015521638	-0.015521638
1588	-0.015521638	-0.015521638
1790	-0.015521638	-0.015521638
659	-0.009763128	-0.009763128
99	-0.003464908	-0.003464908
2703	-0.005662402	-0.005662402
4227	0.043874542	0.080965515
1338	0.09589763	0.100766223
958	-0.007891806	-0.007891806
3696	-0.004297115	-0.004297115
2588	-0.014040335	-0.014040335
3531	-0.014040335	-0.014040335
4224	-0.017744413	-0.017744413
1796	-0.02440518	-0.02440518
2417	-0.044621847	-0.044621847
1498	-0.023247364	-0.023247364
4191	-0.023247364	-0.023247364
3737	-0.026979381	-0.026979381
2096	-0.026979381	-0.026979381
3943	-0.013946787	-0.013946787
858	-0.013946787	-0.013946787
113	-0.017690055	-0.017690055
2964	-0.01614252	-0.01614252
385	-0.011601559	-0.011601559
1321	-0.007260948	-0.007260948
1289	0.001905145	0.001905145
1769	0.001905145	0.001905145
110	0.001905145	0.001905145
4035	0.001905145	0.001905145
2130	0.004332548	0.004332548
4062	0.00961535	0.00961535
1271	0.013322018	0.013322018
3653	0.013322018	0.013322018
1530	0.018097266	0.018097266
1372	0.018097266	0.018097266
4034	0.027823594	0.027823594
225	0.030384116	0.030384116
1252	0.030384116	0.030384116
4285	0.033249081	0.033249081
2383	0.033249081	0.033249081
798	0.037661489	0.037661489
4221	0.055408743	0.055408743
2953	0.038256051	0.038256051
2992	0.038256051	0.038256051
784	0.117714998	0.117714998
3481	0.040350516	0.040350516
1832	0.045326694	0.045326694
221	0.045326694	0.045326694
3623	0.024576621	0.024576621
3012	0.024576621	0.024576621
2011	0.022389473	0.022389473
3316	0.022389473	0.022389473
3942	0.022389473	0.022389473
1154	0.022389473	0.022389473
2718	0.022389473	0.022389473
3684	0.022389473	0.022389473
1713	0.022389473	0.022389473
2031	0.022389473	0.022389473
2802	0.033851998	0.033917654
1901	0.012485854	0.012485854
301	0.002059757	0.002059757
421	0.018676781	0.018676781
2938	0.01728296	0.01728296
1784	0.026551902	0.026551902
1830	0.026551902	0.026551902
857	0.015411184	0.015411184
839	0.015411184	0.015411184
4249	0.015411184	0.015411184
2980	0.015411184	0.015411184
1680	0.015411184	0.015411184
2118	0.015411184	0.015411184
3609	0.000870182	0.000870182
2074	0.000870182	0.000870182
2030	0.000870182	0.000870182
649	0.006354774	0.006354774
3944	0.006354774	0.006354774
2401	0.006354774	0.006354774
3751	0.00952219	0.00952219
1157	0.012071703	0.012071703
3863	0.012071703	0.012071703
815	0.012071703	0.012071703
4277	0.012071703	0.012071703
3525	0.012071703	0.012071703
3978	0.012071703	0.012071703
1412	0.010477795	0.010477795
3075	0.010477795	0.010477795
1863	0.010477795	0.010477795
1773	0.010477795	0.010477795
3291	0.022121403	0.02198303
1789	0.022121403	0.02198303
1233	0.022121403	0.02198303
553	0.013420209	0.013420209
2438	0.002828654	0.002828654
2178	0.014511179	0.014511179
1827	0.014511179	0.014511179
841	0.014511179	0.014511179
4030	0.014511179	0.014511179
769	0.014511179	0.014511179
3662	0.014511179	0.014511179
3710	0.014511179	0.014511179
4272	0.014511179	0.014511179
1179	0.008138353	0.008138353
1351	0.006205852	0.006205852
3413	0.006205852	0.006205852
2456	0.00424556	0.00424556
4063	0.00424556	0.00424556
1570	0.00424556	0.00424556
119	0.00424556	0.00424556
3289	0.008165802	0.008165802
250	0.013363725	0.013363725
2381	0.013363725	0.013363725
3512	0.013363725	0.013363725
1597	0.090197435	0.048424112
3655	0.090197435	0.048424112
4236	0.028230031	0.015368027
3317	0.015116141	0.013345717
107	0.015116141	0.013345717
4290	0.015659481	0.015659481
4271	0.015036167	0.010800088
978	0.091486615	0.091486615
2148	0.012059827	0.012059827
1512	0.024397011	-0.003902345
3611	-0.007365791	-0.008699628
4057	-0.007365791	-0.008699628
1477	-0.007365791	-0.008699628
4314	-0.00739113	-0.013577169
2816	-0.021066296	-0.021066296
2168	-0.021066296	-0.021066296
3953	-0.021066296	-0.021066296
1894	-0.024526802	-0.024526802
9	-0.024526802	-0.024526802
1381	-0.050775076	-0.050775076
3536	-0.067955762	-0.067955762
3545	0.012047268	0.012047268
1935	0.012047268	0.012047268
660	0.012047268	0.012047268
3661	0.030593191	0.026356864
4216	0.030593191	0.026356864
2404	0.030593191	0.026356864
4242	0.030593191	0.026356864
67	0.030593191	0.026356864
2445	0.021603848	0.021603848
2592	0.021603848	0.021603848
2537	0.037568918	0.037568918
1714	0.037568918	0.037568918
3625	0.037568918	0.037568918
3929	0.037568918	0.037568918
3658	0.041278215	0.041278215
2113	0.041278215	0.041278215
2093	0.03835985	0.03835985
3030	0.03835985	0.03835985
1739	0.03835985	0.03835985
2044	0.03835985	0.03835985
1804	0.029073504	0.026156798
3346	0.029073504	0.026156798
1698	0.029073504	0.026156798
1336	0.031607169	0.031607169
1335	0.031607169	0.031607169
1488	0.027316647	0.027316647
2280	0.027316647	0.027316647
259	0.01831761	0.01831761
961	-0.002981534	-0.002981534
955	0.008064328	0.006294692
1176	0.028619894	0.028619894
3434	0.028619894	0.028619894
1540	0.021326557	0.021326557
2043	0.021326557	0.021326557
1266	0.019005736	0.019005736
4287	0.01551487	0.01551487
4241	0.01551487	0.01551487
789	0.018090257	0.018090257
2420	0.018090257	0.018090257
1185	0.018090257	0.018090257
2049	0.018090257	0.018090257
658	0.018090257	0.018090257
1177	0.018090257	0.018090257
438	0.055514095	0.055514095
4056	0.02856423	0.02856423
109	0.021363742	0.021363742
308	0.001288721	0.001288721
2977	-0.011141117	-0.011141117
4293	-0.011141117	-0.011141117
3897	-0.011141117	-0.011141117
2707	-0.011141117	-0.011141117
1777	-0.01600102	-0.01600102
2806	-0.019707603	-0.019707603
1580	-0.041805548	-0.041805548
2105	-0.041805548	-0.041805548
1353	-0.041805548	-0.041805548
3569	-0.044454142	-0.044454142
3758	-0.061302417	-0.061302417
3876	-0.061302417	-0.061302417
2431	-0.070873037	-0.070873037
1504	-0.077064598	-0.077064598
1948	-0.077064598	-0.077064598
2741	-0.077064598	-0.077064598
2504	-0.081577276	-0.081577276
3424	-0.084229565	-0.084229565
242	-0.084229565	-0.084229565
108	-0.084229565	-0.084229565
89	-0.036969321	-0.036969321
4203	-0.082303091	-0.082303091
2727	-0.082303091	-0.082303091
2728	-0.08793219	-0.08793219
1030	-0.097233545	-0.097233545
630	-0.100834554	-0.100834554
2972	-0.100834554	-0.100834554
2397	-0.100834554	-0.100834554
2801	-0.093344264	-0.093344264
276	-0.068976713	-0.068976713
3694	-0.068976713	-0.068976713
120	-0.068976713	-0.068976713
1695	-0.073189312	-0.07346199
2786	-0.06490212	-0.06490212
4208	-0.06490212	-0.06490212
2487	-0.069662517	-0.069662517
1606	-0.069662517	-0.069662517
2079	-0.069662517	-0.069662517
1518	-0.069662517	-0.069662517
783	-0.069662517	-0.069662517
3960	-0.074079252	-0.074079252
2272	-0.069387613	-0.069387613
3640	-0.060143462	-0.060143462
3333	-0.060143462	-0.060143462
2432	-0.057068756	-0.057068756
3861	-0.062319282	-0.062319282
3532	-0.062319282	-0.062319282
1476	-0.059885829	-0.059885829
1802	-0.016030613	-0.029702971
260	-0.045942465	-0.045942465
4071	-0.037424339	-0.037424339
4229	-0.037424339	-0.037424339
1809	-0.037424339	-0.037424339
1785	-0.021282929	-0.021282929
3720	-0.021282929	-0.021282929
423	-0.024839611	-0.024839611
1367	-0.020676731	-0.030242676
3706	-0.026779586	-0.02974149
3748	-0.026779586	-0.02974149
4289	-0.026779586	-0.02974149
1528	-0.026779586	-0.02974149
2476	-0.020497262	-0.029898658
2721	0.053011247	-0.009273762
3750	0.05371685	0.003607285
640	0.05371685	0.003607285
2773	0.05371685	0.003607285
4039	0.032797192	0.003048914
1511	0.021612347	0.019951382
788	0.021612347	0.019951382
796	0.024037138	0.024037138
3521	0.024037138	0.024037138
3685	0.032159207	0.032159207
2448	0.035167515	0.035167515
2443	0.035167515	0.035167515
3122	0.065287261	0.065287261
562	0.034156093	0.034156093
2094	0.034156093	0.034156093
1254	0.034156093	0.034156093
425	0.034156093	0.034156093
291	0.034156093	0.034156093
3664	0.030553379	0.030553379
2378	0.030553379	0.030553379
4204	0.02318967	0.02318967
1329	0.02318967	0.02318967
2462	0.02318967	0.02318967
778	0.02318967	0.02318967
3639	0.02318967	0.02318967
3674	0.02318967	0.02318967
3117	0.02318967	0.02318967
2277	0.021842687	0.016095789
4187	0.021842687	0.016095789
1884	0.012048903	0.012048903
3862	0.019870675	0.016098082
3855	0.013367466	0.013367466
3881	0.013367466	0.013367466
4156	0.012324294	0.012324294
1240	0.00987	0.00987
2182	0.00987	0.00987
4026	0.006567973	0.006567973
2122	-0.006138528	-0.006138528
791	-0.010104141	-0.010104141
3528	-0.010104141	-0.010104141
2279	-0.004275081	-0.004275081
1520	-0.006257939	-0.006257939
1868	-0.002483626	-0.002483626
645	0.002363806	0.002363806
2069	0.002363806	0.002363806
285	0.002363806	0.002363806
1352	0.009730286	0.009730286
3118	0.024886531	0.024886531
1508	0.01179545	0.01179545
3761	0.01179545	0.01179545
384	0.014599433	0.014599433
3676	0.026766683	0.026766683
1871	0.062420546	0.062420546
4263	0.068960177	0.068960177
4185	0.017797016	0.017797016
2421	0.005259495	0.005259495
2084	0.002370143	0.002370143
3399	0.006278958	0.006278958
2673	0.006278958	0.006278958
2039	0.006278958	0.006278958
2062	0.013296893	0.013296893
4234	0.013296893	0.013296893
80	0.013296893	0.013296893
3322	0.013296893	0.013296893
3866	0.031636593	0.031636593
2059	0.02806205	0.02806205
1507	0.059062542	0.059062542
368	0.059062542	0.059062542
16	0.059062542	0.059062542
2184	0.059062542	0.059062542
1227	0.059062542	0.059062542
4181	0.055443706	0.055443706
818	0.055443706	0.055443706
3632	0.055443706	0.055443706
2410	0.067709582	0.067709582
420	0.067709582	0.067709582
2798	0.057682764	0.057682764
1772	0.057682764	0.057682764
3717	0.057682764	0.057682764
1479	0.057682764	0.057682764
2073	0.052920441	0.052920441
827	0.052920441	0.052920441
4218	0.052920441	0.052920441
243	0.068969098	0.068969098
94	0.040368931	0.040368931
2064	0.056217696	0.056217696
3770	0.052980826	0.052980826
646	0.048950873	0.048950873
4235	0.048950873	0.048950873
2172	0.048950873	0.048950873
1593	0.041305174	0.041305174
2800	0.041305174	0.041305174
547	0.048262995	0.048262995
75	0.035362318	0.035362318
3645	0.040960196	0.040960196
317	0.049217332	0.049217332
3337	0.049217332	0.049217332
4164	0.054644775	0.054644775
1557	0.054644775	0.054644775
3940	0.06252044	0.06252044
1166	0.06252044	0.06252044
2593	-0.098084153	-0.098084153
2930	-0.020475609	-0.020475609
2	0.050913574	0.050913574
4246	0.050913574	0.050913574
115	0.050913574	0.050913574
2722	0.097481247	0.097481247
3672	0.097481247	0.097481247
1456	0.078165654	0.078165654
3137	0.058132629	0.058132629
1447	0.045565295	0.045565295
1893	0.045565295	0.045565295
4283	0.055391915	0.055391915
4055	0.055391915	0.055391915
1574	0.055391915	0.055391915
1579	0.055391915	0.055391915
1365	0.030908693	0.030908693
3607	0.030908693	0.030908693
229	0.05412873	0.05412873
4210	0.05412873	0.05412873
638	0.05412873	0.05412873
272	0.05412873	0.05412873
4195	0.05412873	0.05412873
1334	0.05412873	0.05412873
2777	-0.012793875	-0.012793875
3328	-0.012793875	-0.012793875
2465	0.069303266	0.069303266
1463	0.069303266	0.069303266
2385	0.075478781	0.075478781
1896	0.075478781	0.075478781
21	0.075478781	0.075478781
2590	0.090616451	0.090616451
105	0.081274835	0.081274835
2549	0.081274835	0.081274835
1355	0.081274835	0.081274835
3636	0.081274835	0.081274835
279	0.081274835	0.081274835
3416	0.085875621	0.085875621
3764	0.085875621	0.085875621
1379	0.099293203	0.099293203
1385	0.086221121	0.086221121
3549	-0.111106834	-0.111106834
3543	-0.111106834	-0.111106834
1322	-0.151408724	-0.151408724
3723	-0.090477653	-0.090477653
1196	-0.003832792	-0.098765275
2185	0.007872378	0.007872378
3568	-0.085481374	-0.085481374
2711	-0.093657781	-0.093657781
3385	-0.09172582	-0.09172582
2072	-0.085275703	-0.085275703
3401	-0.085275703	-0.085275703
226	-0.088994524	-0.074992855
1242	-0.083771003	-0.083771003
2987	-0.088279995	-0.088279995
2258	-0.08006639	-0.08006639
4193	-0.069508178	-0.069508178
1159	-0.064675477	-0.064675477
2149	-0.079778138	-0.079778138
2540	-0.079778138	-0.079778138
1582	-0.079778138	-0.079778138
2125	-0.079778138	-0.079778138
2414	-0.087974398	-0.087974398
3755	-0.081912976	-0.081912976
1776	-0.071379284	-0.071379284
656	-0.066691097	-0.066691097
3757	0.053205184	0.053205184
803	-0.080870526	-0.080870526
2478	-0.064563065	-0.064563065
1519	-0.056339874	-0.056339874
2123	-0.049266627	-0.049266627
3731	-0.060479183	-0.060479183
4029	-0.062946117	-0.062946117
1356	-0.062946117	-0.062946117
856	-0.062946117	-0.062946117
10	-0.062946117	-0.062946117
389	-0.057285056	-0.057285056
3707	-0.05153185	-0.05153185
1806	-0.053387708	-0.053387708
112	-0.045010032	-0.045010032
1268	-0.022645931	-0.041186265
2981	-0.044187405	-0.044187405
4209	-0.061551773	-0.061551773
3088	-0.052369375	-0.052369375
305	-0.048402935	-0.048402935
2080	-0.044222391	-0.044222391
3774	-0.044222391	-0.044222391
1560	-0.042643731	-0.042643731
1778	-0.042643731	-0.042643731
3686	-0.044712116	-0.056827052
4206	-0.038439548	-0.066346583
1534	-0.048622632	-0.056909304
1451	-0.038569618	-0.038569618
3530	-0.038569618	-0.038569618
101	-0.024924005	-0.031770008
1575	-0.010814179	-0.011324541
2037	-0.002222203	-0.002222203
3735	-0.002222203	-0.002222203
1794	0.007016334	0.007016334
2459	-0.00845753	-0.00845753
4245	0.033755048	0.033755048
3873	0.033143649	0.033143649
2956	0.033143649	0.033143649
4222	0.033143649	0.033143649
2994	0.037472299	0.037472299
4148	0.048762506	0.048762506
2100	0.048762506	0.048762506
3947	0.048762506	0.048762506
3926	0.051846886	0.051846886
4060	0.051846886	0.051846886
3523	0.051846886	0.051846886
3410	0.065827366	0.065827366
2393	0.051399159	0.051399159
4239	0.047210642	0.047210642
1576	0.051250172	0.051250172
4232	0.051250172	0.051250172
1354	0.051250172	0.051250172
916	0.038697279	0.038697279
3031	0.035148541	0.035148541
549	0.042491323	0.042491323
4196	0.043201675	0.043201675
249	0.037248784	0.037248784
847	0.052329403	0.052329403
1586	0.04899559	0.04899559
2918	0.058261592	0.058261592
1679	0.06296153	0.06296153
2077	0.06296153	0.06296153
2405	0.05101521	0.05101521
3749	0.036538082	0.036538082
855	0.018580054	0.018580054
4176	0.018580054	0.018580054
4197	0.021914539	0.021914539
3637	0.021914539	0.021914539
3009	-0.021902675	-0.021902675
1715	0.026216994	0.026216994
820	0.026216994	0.026216994
3950	0.026216994	0.026216994
275	0.026216994	0.026216994
3426	0.026216994	0.026216994
24	0.026216994	0.026216994
2971	0.026216994	0.026216994
264	0.021275376	0.021275376
787	0.021275376	0.021275376
3125	0.018882805	0.018882805
1801	0.006713427	0.006713427
244	-0.013304869	-0.013304869
2092	-0.039392409	-0.039392409
3935	-0.039392409	-0.039392409
3643	0.012191922	0.012191922
2112	0.012191922	0.012191922
1990	0.012191922	0.012191922
911	0.012191922	0.012191922
3315	0.016661136	0.016661136
2050	0.016661136	0.016661136
4273	0.000965873	0.000965873
1707	0.010140959	0.010140959
292	0.010140959	0.010140959
1797	0.010140959	0.010140959
4220	0.010140959	0.010140959
3667	0.010140959	0.010140959
2046	0.010140959	0.010140959
651	0.010140959	0.010140959
2273	0.010140959	0.010140959
2468	0.010140959	0.010140959
1237	0.015348305	0.015348305
2264	0.009695985	0.009695985
3753	0.009695985	0.009695985
298	0.009891215	0.009891215
1587	0.01276183	0.01276183
3964	0.01276183	0.01276183
2265	0.01276183	0.01276183
1371	0.01276183	0.01276183
1513	0.01276183	0.01276183
3018	0.01276183	0.01276183
2180	0.01276183	0.01276183
1565	0.008221368	0.008221368
2455	0.008221368	0.008221368
2472	0.028281399	0.028281399
4200	0.011073311	0.011073311
1793	0.008464936	0.008464936
1547	-0.008665525	-0.008665525
4178	-0.008665525	-0.008665525
237	-0.00253066	-0.00253066
2060	-0.00253066	-0.00253066
824	-0.008601029	-0.008601029
1604	-0.00973667	-0.00973667
1800	-0.000789591	-0.000789591
3488	-0.000789591	-0.000789591
3313	-0.004443994	-0.004443994
3394	-0.005097058	-0.005097058
3017	0.029474963	0.019855316
2433	0.029474963	0.019855316
2274	0.030345692	0.028637045
4268	-0.029451889	-0.029451889
3665	-0.01265828	-0.01265828
2259	-0.01265828	-0.01265828
3936	-0.01265828	-0.01265828
3996	-0.003211086	-0.003211086
1788	-0.011528464	-0.011528464
3725	-0.011528464	-0.011528464
1870	-0.014403995	-0.014403995
1696	-0.006889626	-0.006889626
1584	-0.009584347	-0.009584347
552	-0.009584347	-0.009584347
550	-0.009584347	-0.009584347
118	-0.005247754	-0.005247754
963	-0.005247754	-0.005247754
4292	-0.020145441	-0.020145441
3858	-0.023467175	-0.023467175
2716	-0.023467175	-0.023467175
2016	-0.022040346	-0.022040346
3115	0.009995125	0.009995125
3040	-0.011832343	-0.011832343
1699	-0.008756194	-0.008756194
1250	-0.008756194	-0.008756194
2403	-0.012636142	-0.012636142
2409	-0.002949009	-0.002949009
3701	-0.002949009	-0.002949009
3398	-0.002949009	-0.002949009
2579	-0.041903902	-0.041903902
4281	-0.023816588	-0.023816588
325	-0.000208057	-0.000208057
3703	-0.000208057	-0.000208057
3681	-0.008642793	-0.008642793
919	-0.008642793	-0.008642793
840	-0.008642793	-0.008642793
2436	-0.008642793	-0.008642793
282	-0.008642793	-0.008642793
834	-0.008642793	-0.008642793
1559	-0.006988158	-0.006988158
3493	-0.006988158	-0.006988158
3659	-0.022349674	-0.022349674
4157	0	0
2820	0.001162456	0.007854635
563	-0.012405467	-0.012405467
3001	-0.005961554	-0.005961554
2262	-0.005961554	-0.005961554
2805	-0.008871211	-0.008871211
4274	-0.008871211	-0.008871211
3690	-0.006661895	-0.006661895
1874	-0.006661895	-0.006661895
1543	-0.010706132	-0.010706132
2545	0.049428758	0.049428758
3668	-0.000272634	-0.000272634
3939	-0.001633312	-0.001633312
4256	-0.001633312	-0.001633312
973	0.070216399	0.078510088
1383	-0.020921386	-0.020921386
1389	-0.012792913	-0.012792913
1934	0.004080151	0.004080151
3540	0.041213661	0.066307801
4090	-0.005639041	-0.005639041
2843	0.008143145	0.008143145
3450	0.007474421	0.007474421
1609	0.00148093	0.00148093
2452	0.00148093	0.00148093
1611	0.09003517	0.09003517
3981	0.09003517	0.09003517
1828	0.004781105	0.004781105
3024	0.021294916	0.021294916
2292	0.027498463	0.027498463
287	0.027498463	0.027498463
2300	0.027498463	0.027498463
2973	0.033296248	0.033296248
1834	0.02890658	0.02890658
2284	0.035900174	0.035900174
2488	0.030110182	0.030110182
1944	0.02233641	0.02233641
2205	0.003404412	0.003404412
1411	0.003404412	0.003404412
1407	0.015114246	0.015114246
44	0.034795791	0.034795791
4099	0.025524971	0.025524971
1947	0.040671872	0.040671872
1263	0.040671872	0.040671872
31	0.03602388	0.03602388
2140	0.03602388	0.03602388
3990	0.038448676	0.038448676
1141	0.044638834	0.044638834
866	0.023874464	0.023874464
2089	0.045252008	0.045252008
1608	0.068209873	0.068209873
2591	0.032192569	0.032192569
1287	0.053033822	0.064561186
4312	0.053033822	0.064561186
3679	0.038971715	0.038971715
2498	0.042483508	0.042483508
2839	0.060501592	0.066131235
2578	0.090948518	0.090948518
3435	0.058872181	0.067501571
1829	0.038541553	0.038541553
3447	0.038541553	0.038541553
3989	0.038541553	0.038541553
4291	0.038541553	0.038541553
2001	0.019346167	0.036627192
2288	0.016950741	0.016950741
683	-0.000785928	-0.000785928
251	-0.021099192	-0.021099192
2303	0.024676959	0.028464772
1825	0.024676959	0.028464772
3438	0.018432427	0.018432427
2485	0.062127716	0.062127716
2379	0.088065849	0.088065849
2481	0.092012774	0.092012774
124	0.059669005	0.035605819
2507	0.04920099	0.035941074
3991	0.031768094	0.031768094
2823	0.025649753	0.025649753
3850	0.020921488	0.016318503
862	-0.018854482	-0.018854482
1561	-0.018854482	-0.018854482
3297	-0.020235029	-0.020235029
1048	-0.020235029	-0.020235029
3846	-0.020235029	-0.020235029
3993	-0.020235029	-0.020235029
2480	0.021145824	0.011328687
3029	-0.008380743	-0.008380743
2596	0.007994954	0.019051637
3841	-0.010865362	-0.010865362
1282	-0.014338457	-0.014338457
22	-0.018713678	-0.018713678
2295	0	0
1133	-0.018713678	-0.018713678
1682	-0.022518667	-0.022518667
217	-0.022518667	-0.022518667
3976	-0.027906517	-0.027906517
2291	0	0
853	-0.027906517	-0.027906517
1835	0	0
1989	-0.031283388	-0.031283388
675	-0.031283388	-0.031283388
3616	-0.031283388	-0.031283388
1294	-0.010777481	-0.010777481
666	0	0
910	-0.030879133	-0.030879133
4069	-0.030879133	-0.030879133
1722	-0.030879133	-0.030879133
2774	-0.013806846	-0.013806846
2104	-0.010894216	-0.010894216
3022	-0.010894216	-0.010894216
2173	-0.014495812	-0.014495812
2283	0	0
3979	-0.033979979	-0.033979979
1285	-0.033979979	-0.033979979
4059	-0.026798646	-0.026798646
792	-0.021939307	-0.021939307
143	-0.021939307	-0.021939307
1290	-0.025536035	-0.025536035
2585	-0.041856521	-0.041856521
142	0	0
1904	-0.021679949	-0.021679949
2299	0	0
3687	-0.012926071	-0.012926071
2827	-0.012926071	-0.012926071
3747	-0.017572421	-0.017572421
2933	-0.017572421	-0.017572421
2826	0	0
873	-0.017572421	-0.017572421
1278	-0.017572421	-0.017572421
134	0	0
2489	-0.017572421	-0.017572421
131	0	0
4161	0	0
1142	-0.014192813	-0.014192813
323	-0.019079858	-0.019079858
3456	-0.022704564	-0.022704564
2838	0	0
3028	-0.022704564	-0.022704564
3851	-0.020544585	-0.020544585
2842	0	0
1821	-0.007710641	-0.007710641
3847	-0.000104633	-0.000104633
2948	-0.000104633	-0.000104633
3985	0.008494869	0.008494869
434	0.071059498	0.071059498
2473	-0.006519056	-0.006519056
2293	-0.003168255	-0.003168255
2298	0	0
3196	-0.007622573	-0.007622573
1040	-0.007622573	-0.007622573
1955	-0.007622573	-0.007622573
2198	-0.007622573	-0.007622573
4119	-0.007622573	-0.007622573
3575	-0.007622573	-0.007622573
2506	-0.012546675	-0.012546675
141	-0.012546675	-0.012546675
3628	-0.012546675	-0.012546675
129	-0.017311213	-0.017311213
2285	-0.017311213	-0.017311213
38	-0.017311213	-0.017311213
3204	-0.017311213	-0.017311213
4111	-0.017311213	-0.017311213
3192	-0.017311213	-0.017311213
2191	-0.00779875	-0.00779875
2289	-0.00779875	-0.00779875
2825	-0.004352127	-0.004352127
1131	-0.004352127	-0.004352127
128	-0.031602088	-0.031602088
2296	-0.017909448	-0.017909448
2835	-0.017909448	-0.017909448
3682	-0.017909448	-0.017909448
2822	0	0
3310	-0.006361481	-0.006361481
2821	-0.005056235	-0.005056235
2829	-0.005056235	-0.005056235
882	-0.005056235	-0.005056235
2290	0	0
1453	-0.001401531	-0.001401531
665	0.002327878	0.002327878
677	0	0
3986	0.002327878	0.002327878
2715	0.009727116	0.002561076
2286	0	0
2281	0.025593054	0.025593054
661	0.025593054	0.025593054
1280	0.025593054	0.025593054
878	0.021047039	0.021047039
126	0	0
3511	0.021047039	0.021047039
4262	0.021047039	0.021047039
130	0	0
3306	0.029473145	0.029473145
3019	0.029473145	0.029473145
588	0.029473145	0.029473145
669	0.029473145	0.029473145
2297	0.01906645	0.01906645
1149	0.01906645	0.01906645
1869	0.087127397	0.145549084
1672	-0.00222278	-0.00222278
2143	-0.00222278	-0.00222278
133	-0.00222278	-0.00222278
3838	-0.00222278	-0.00222278
137	-0.00222278	-0.00222278
138	0	0
2301	0.006359702	0.006359702
2386	0.006359702	0.006359702
2014	-0.010458445	-0.010458445
3553	0.023468797	0.023468797
1930	0.063574665	0.155930262
1393	0.019447727	-0.009862759
1927	0.019447727	-0.009862759
3809	0.019447727	-0.009862759
1086	0.019447727	-0.009862759
3817	0.020410537	0.004922114
1646	0.033788726	0.005744638
3818	0.033788726	0.005744638
3330	0.050344888	0.028998601
3271	0.031914883	0.028390413
3252	0.033435073	0.005357941
1527	0.055224537	0.055224537
3807	0.047011318	0.047011318
1119	0.072455755	0.072455755
3783	0.050256223	0.050256223
1623	0.056546262	0.056546262
1114	0.052256027	0.025979746
3242	0.052256027	0.025979746
3262	0.081420102	0.027910478
1637	0.10206246	0.057783154
3241	0.10206246	0.057783154
1106	0.086612905	0.056338847
3811	0.076799513	0.065512259
1087	0.066246124	0.06476759
1634	0.081054308	0.05249653
1650	0.038888182	0.038888182
3825	0.034980928	0.034980928
1666	0.041588255	0.041588255
1116	0.064835903	0.064835903
3826	0.042308555	0.042308555
1085	0.042308555	0.042308555
1093	0.042308555	0.042308555
3789	0.042308555	0.042308555
1643	0.027017519	0.027017519
3286	0.027017519	0.027017519
3249	0.027017519	0.027017519
3255	0.021524439	0.021524439
3276	0.027387016	0.027387016
3784	0.018821373	0.018821373
1098	0.018821373	0.018821373
2505	0.030396062	0.030396062
1635	0.031733386	0.031733386
3260	0.040973406	0.031312184
1092	0.040973406	0.031312184
3246	0.052518296	0.030715757
1126	0.052518296	0.030715757
3272	0.033746246	0.030587533
3823	0.043774047	0.040092665
1654	0.047225479	0.047225479
1112	0.042215512	0.042215512
3808	0.030205999	0.030205999
1102	0.030205999	0.030205999
1626	0.011885403	0.011885403
1111	0.028320377	0.028320377
1100	0.02636663	0.02636663
1094	0.05565096	0.05565096
3268	0.041014973	0.023367077
1658	0.054639801	0.022843883
3258	0.054639801	0.022843883
3284	0.044855638	0.012506441
1667	0.044325287	0.032359595
1659	0.044351547	0.042561469
1630	0.064429572	0.064429572
3810	0.048693458	0.048693458
1124	0.057026256	0.049163687
3281	0.050094425	0.049163553
1120	0.024157518	-0.004475271
1627	0.024157518	-0.004475271
1090	0.048581086	0.038878405
1651	0.055237425	0.055237425
1089	0.037983115	0.018143501
1633	0.037983115	0.018143501
3819	0.044136079	0.022046454
3282	0.016643307	0.016643307
3822	0.016643307	0.016643307
3801	-0.000218721	-0.000218721
1642	-0.000218721	-0.000218721
3275	-0.000218721	-0.000218721
3806	-0.004599341	-0.004599341
3793	-0.00865405	-0.00865405
1881	-0.039075782	-0.039075782
3821	-0.015332198	-0.015332198
3781	-0.015332198	-0.015332198
3814	-0.011979321	-0.011979321
1661	-0.026180665	-0.026180665
1118	-0.009322914	-0.009322914
1081	-0.009322914	-0.009322914
3791	-0.012303005	-0.012303005
1621	-0.006878849	-0.006878849
1629	-0.01030996	-0.01030996
3288	-0.01030996	-0.01030996
3269	-0.007272748	-0.007272748
782	0.051247779	0.051247779
1622	0.016566451	0.016566451
1082	0.022408003	0.022408003
3278	0.040645347	0.040645347
1122	0.014762486	0.014762486
3803	0.014762486	0.014762486
3279	0.012074734	0.012074734
1104	0.012074734	0.012074734
1641	0.032481066	0.032481066
1113	0.052800946	0.052800946
3798	0.039898132	0.039898132
3264	0.021052851	0.021052851
1665	-0.014745851	-0.014745851
3794	-0.01974264	-0.01974264
1631	-0.032945288	-0.032945288
3259	-0.015086883	-0.015086883
3244	-0.020367589	-0.020367589
896	-0.020367589	-0.020367589
1663	-0.020367589	-0.020367589
1115	-0.020367589	-0.020367589
3812	-0.014796587	-0.014796587
3790	-0.014796587	-0.014796587
3261	0.001478196	0.001478196
3797	0.003649125	0.003649125
1088	0.003649125	0.003649125
1624	0.009379638	0.009379638
1107	0.009379638	0.009379638
3257	0.009379638	0.009379638
1110	0.009379638	0.009379638
3251	0.009379638	0.009379638
3795	0.009379638	0.009379638
3827	0.005752212	0.005752212
3815	0.02801527	0.02801527
1127	0.018115325	0.018115325
1108	0.018115325	0.018115325
1109	0.018115325	0.018115325
3277	0.016246764	0.016246764
3248	0.016246764	0.016246764
3267	0.016246764	0.016246764
1648	0.016246764	0.016246764
3245	0.021657326	0.021657326
1655	-0.014992804	-0.014992804
3274	-0.022560291	-0.022560291
1653	-0.029202496	-0.029202496
1638	-0.02333498	-0.02333498
3283	-0.026738545	-0.026738545
3270	-0.026738545	-0.026738545
3813	-0.026738545	-0.026738545
1647	-0.023340091	-0.023340091
1128	-0.04680674	-0.04680674
3273	-0.04680674	-0.04680674
1101	-0.04432569	-0.04432569
1099	-0.036263824	-0.036263824
1084	-0.001218429	0.054852638
345	-0.001270092	0.0621375
3344	-0.001270092	0.0621375
888	-0.015318674	0.004892385
3787	-0.02436374	-0.02436374
1645	-0.062888416	-0.062888416
3263	-0.062888416	-0.062888416
1125	-0.047483393	-0.047483393
3254	-0.076007318	-0.076007318
3280	-0.078800373	-0.078800373
3243	-0.082555945	-0.082555945
1121	-0.082555945	-0.082555945
1103	-0.082555945	-0.082555945
3894	-0.086587582	-0.086587582
3782	0.030335961	0.030335961
3250	-0.058496322	-0.058496322
1083	-0.087905915	-0.087905915
3247	-0.087905915	-0.087905915
3805	-0.087905915	-0.087905915
1662	-0.087905915	-0.087905915
3285	-0.074399012	-0.074399012
3802	-0.074399012	-0.074399012
1625	-0.072332105	-0.072332105
3557	-0.088007107	-0.115025634
1397	-0.122299618	-0.122299618
1891	0.054258472	0.054258472
2653	0.054258472	0.054258472
1564	0.054258472	0.054258472
3395	0.054258472	0.054258472
570	0.054258472	0.054258472
1403	0.054258472	0.054258472
1029	0.050289215	0.050289215
505	0.034475727	0.034475727
564	0.034475727	0.034475727
3487	0.034475727	0.034475727
4255	0.034475727	0.034475727
4114	0.034815126	0.034815126
583	0.038992659	0.038992659
2200	0.038992659	0.038992659
1402	0.04231349	0.04231349
2712	0.058408987	0.058408987
2738	0.058408987	0.058408987
501	0.051220108	0.051220108
1720	0.051220108	0.051220108
1455	0.051220108	0.051220108
1671	0.051220108	0.051220108
875	0.051220108	0.051220108
4040	0.0274725	0.0274725
111	0.032845166	0.032845166
1670	0.032845166	0.032845166
1578	0.039607433	0.039607433
2490	0.039607433	0.039607433
3436	0.039607433	0.039607433
3189	0.039607433	0.039607433
2649	0.039607433	0.039607433
2194	0.043859607	0.043859607
490	0.014931558	0.014931558
17	-0.005610203	-0.005610203
3726	-0.005610203	-0.005610203
1711	0.006991921	0.006991921
4211	0.013259752	0.013259752
3332	0.016992277	0.016992277
2589	-0.002000689	0.025787596
3865	0.005270612	0.005270612
1882	0.001323756	0.001323756
3223	0.003621045	0.003621045
3227	0.00247532	0.00247532
114	-0.005489049	-0.005489049
1037	-0.003689769	-0.003689769
2201	-0.01654582	-0.01654582
2657	-0.012176405	-0.012176405
30	-0.012176405	-0.012176405
1737	-0.012176405	-0.012176405
774	-0.012176405	-0.012176405
2056	-0.012176405	-0.012176405
4117	-0.012176405	-0.012176405
273	-0.012176405	-0.012176405
2052	-0.012176405	-0.012176405
3581	-0.009198171	-0.009198171
1550	3.66E-05	3.66E-05
1685	3.66E-05	3.66E-05
889	0.032026306	0.096445797
1191	0.007558774	0.007558774
4101	-0.035548767	-0.035548767
799	-0.031654195	-0.031654195
1422	-0.028697381	-0.028697381
1766	-0.028697381	-0.028697381
18	-0.001526109	-0.001526109
509	-0.024041777	-0.039659895
1138	-0.024105074	-0.052025399
1941	-0.024163512	-0.063201277
2747	-0.024163512	-0.063201277
1705	-0.024163512	-0.063201277
2422	-0.024163512	-0.063201277
2534	-0.024640535	-0.053133959
493	-0.024640535	-0.053133959
47	0.018422676	0.018422676
3294	0.031348155	0.031348155
1945	0.052839683	0.052839683
1949	0.04632742	0.04632742
2736	0.04632742	0.04632742
4120	0.04632742	0.04632742
1909	0.038113605	0.038113605
579	0.033016685	0.033016685
3206	0.046168097	0.046168097
343	0.036020957	0.036020957
3892	0.036020957	0.036020957
4109	0.027846254	0.027846254
1491	0.023249152	0.023249152
2652	0.021718343	0.021718343
3884	0.021718343	0.021718343
3573	0.018271963	0.018271963
2746	-0.028198086	-0.028198086
1465	-0.029896265	-0.029896265
3209	-0.029251065	-0.029251065
574	-0.029251065	-0.029251065
2153	-0.029251065	-0.029251065
3023	0.186245741	0.186245741
3197	0.00524007	0.00524007
876	0.00524007	0.00524007
861	0.00524007	0.00524007
2099	0.009236959	0.009236959
1049	0.009236959	0.009236959
2650	0.016811886	0.016811886
3298	0.197780605	0.197780605
3440	0.003961602	0.000973728
1831	-0.017424264	-0.017424264
508	-0.023926122	-0.026612947
2192	-0.01988898	-0.01988898
3208	-0.010508067	-0.010508067
3565	-0.008616544	-0.008616544
584	-0.01481145	-0.01481145
3121	-0.028257805	-0.028257805
3203	-0.023372374	-0.023372374
2739	-0.003495473	-0.003495473
2661	0.032203313	0.032203313
2483	0.032203313	0.032203313
388	0.036947396	0.036947396
1274	0.036947396	0.036947396
4295	0.036947396	0.036947396
1689	0.036947396	0.036947396
3453	0.032338605	0.032338605
336	0.032338605	0.032338605
795	0.031191515	0.007422747
3763	0.030568014	-0.004068974
1549	0.020414177	0.020414177
3396	0.020414177	0.020414177
4102	0.024953002	0.024953002
3443	0.024953002	0.024953002
342	0.024953002	0.024953002
3617	0.024953002	0.024953002
587	0.024953002	0.024953002
1033	0.024953002	0.024953002
1824	0.018844709	0.018844709
3773	0.018844709	0.018844709
4217	0.024759711	0.024759711
3015	0.024759711	0.024759711
2669	0.024759711	0.024759711
32	0.024759711	0.024759711
773	0.024759711	0.024759711
1467	0.024759711	0.024759711
1502	0.033697678	0.033697678
1605	0.033697678	0.033697678
3582	0.033697678	0.033697678
2195	0.033697678	0.033697678
2119	0.033697678	0.033697678
1264	0.033697678	0.033697678
4237	0.033697678	0.033697678
2461	0.054241837	0.06331243
281	0.035804537	0.035804537
1027	0.048217735	0.048217735
924	0.048217735	0.048217735
1556	-0.017495126	-0.017495126
3933	-0.017495126	-0.017495126
3683	0.044710035	0.044710035
1783	0.042191957	0.042191957
4260	0.042191957	0.042191957
1475	0.051554395	0.051554395
4233	0.056413983	0.056413983
4294	0.056413983	0.056413983
2999	0.064282566	0.064282566
3675	0.067503508	0.067503508
2045	0.067503508	0.067503508
263	0.067503508	0.067503508
2029	0.067503508	0.067503508
836	0.009082859	0.009082859
1046	0.029029533	0.029029533
27	0.033323778	0.033323778
3578	0.036252458	0.036252458
520	0.030715108	0.030715108
3494	0.050903974	0.050903974
1421	0.061458521	0.061458521
28	0.050561411	0.050561411
4121	0.018174348	0.018174348
4116	0.035357932	0.035357932
1953	0.025392752	0.030508567
2203	0.016406862	0.023591143
2193	0.018556838	0.054856472
4113	0.018556838	0.054856472
3880	0.019088807	0.034762038
1952	0.019088807	0.034762038
4112	0.019088807	0.034762038
2742	0.009604845	0.009604845
1875	0.020381716	0.048563816
2103	-0.003877142	0.04678056
567	0.024400583	0.04488675
3732	0.024118957	0.024118957
4189	0.012145554	0.012686564
3191	0.012145554	0.012686564
2733	-0.018409089	-0.00938484
1958	-0.01921697	-0.01921697
4105	-0.030066591	-0.020526189
2732	-0.030066591	-0.020526189
3295	-0.040378197	-0.040378197
4077	-0.030065381	-0.019980165
1917	-0.125455735	-0.12866088
3547	-0.125455735	-0.12866088
2486	-0.125455735	-0.12866088
3561	-0.125455735	-0.12866088
489	-0.134070889	-0.134070889
1238	-0.134070889	-0.134070889
1283	-0.134070889	-0.134070889
3961	-0.134070889	-0.134070889
2413	-0.134070889	-0.134070889
33	-0.134070889	-0.134070889
1034	-0.146376122	-0.146376122
2832	-0.163704174	-0.163704174
3514	-0.141096661	-0.141096661
2068	-0.130823675	-0.130823675
3647	-0.130823675	-0.130823675
1156	-0.130823675	-0.130823675
1330	-0.118070102	-0.160922563
1448	-0.119921448	-0.119921448
2124	-0.116175757	-0.116175757
653	-0.116175757	-0.116175757
957	-0.096324824	-0.096324824
3644	-0.117028874	-0.117028874
1139	-0.12609724	-0.12609724
2000	-0.12609724	-0.12609724
1162	-0.121228934	-0.121228934
1361	-0.121228934	-0.121228934
863	-0.121228934	-0.121228934
777	-0.109694864	-0.109694864
2997	-0.109694864	-0.109694864
833	-0.103992682	-0.103992682
3388	-0.086636375	-0.086636375
3705	-0.086636375	-0.086636375
1473	-0.083721826	-0.083721826
299	-0.070734836	-0.070734836
4033	-0.063397354	-0.063397354
1184	-0.052950826	-0.052950826
3879	-0.040886353	-0.052285949
1738	-0.040886353	-0.052285949
3973	-0.041135486	-0.042336884
573	-0.018323911	-0.018323911
4103	0.010345189	0.010345189
1943	0.051254046	0.051254046
3889	0.043430835	0.043430835
1535	0.09405268	0.164576053
3762	0.09405268	0.164576053
3927	0.113421206	0.317716407
3439	0.089779689	0.115189345
974	0.109623618	0.109623618
25	0.08084554	0.08084554
1951	0.101492938	0.101492938
3882	0.078887723	0.078887723
1686	0.066796623	0.066796623
2831	0.066796623	0.066796623
3403	0.046841344	0.046841344
2989	0.098342233	0.098342233
1186	0.098342233	0.098342233
1691	0.103137339	0.103137339
2544	0.103137339	0.103137339
2458	0.09323736	0.09323736
2586	0.101922837	0.101922837
1293	0.094334601	0.094334601
1531	0.094334601	0.094334601
3860	0.094334601	0.094334601
97	0.108001698	0.108001698
1180	0.113482884	0.113482884
2442	0.117375934	0.117375934
3938	0.121106405	0.121106405
3452	0.121106405	0.121106405
1567	0.14632421	0.147555798
3072	0.150596772	0.150596772
4104	0.150596772	0.150596772
2492	0.156740775	0.176291221
431	0.114232197	0.114232197
977	0.176886588	0.176886588
2975	0.192504772	0.192504772
581	0.192504772	0.192504772
1959	0.192504772	0.192504772
2463	0.182373223	0.182373223
3742	0.182373223	0.182373223
3415	0.183291086	0.183291086
3454	0.188905563	0.188905563
261	0.188905563	0.188905563
1767	0.188905563	0.188905563
1879	0.188905563	0.188905563
1515	0.192076777	0.192076777
2418	0.192076777	0.192076777
2067	0.205468455	0.205468455
2598	0.205468455	0.205468455
800	0.200364778	0.200364778
4052	0.200364778	0.200364778
959	0.152971959	0.152971959
2594	0.229374594	0.229374594
102	0.186719633	0.186719633
3068	0.181589792	0.181589792
3138	0.215125104	0.209386492
2444	0.220726851	0.220726851
2501	0.220726851	0.220726851
4247	0.220726851	0.220726851
1681	0.220726851	0.220726851
2656	0.220726851	0.220726851
338	0.220726851	0.220726851
254	0.203962232	0.203962232
874	0.234553585	0.234553585
1489	0.234553585	0.234553585
4028	0.263234301	0.263234301
246	0.249220585	0.249220585
3428	0.249220585	0.249220585
2963	0.249220585	0.249220585
1259	0.270870916	0.270870916
3011	0.284046693	0.284046693
1161	0.284046693	0.284046693
4027	0.261947212	0.261947212
3872	0.261947212	0.261947212
2453	0.227757788	0.227757788
1539	0.227757788	0.227757788
2276	0.21474018	0.21474018
1810	0.210915097	0.210915097
819	0.222743992	0.222743992
2115	0.274907095	0.251271555
4037	0.288553203	0.288553203
2451	0.275029383	0.275029383
1374	0.275029383	0.275029383
248	0.232703493	0.232703493
1472	0.194449814	0.194449814
801	0.21276259	0.21276259
3307	0.294878262	0.294878262
654	0.273569098	0.273569098
555	0.26820595	0.26820595
2803	0.26820595	0.26820595
3957	0.272198472	0.272198472
2979	0.272198472	0.272198472
2677	0.267338349	0.267338349
3657	0.267338349	0.267338349
3871	0.246235747	0.246235747
1369	0.246235747	0.246235747
2723	0.263741963	0.263741963
3127	-0.108230892	0.035738928
312	0.212896658	0.212896658
3044	0.237340589	0.237340589
258	0.237340589	0.237340589
1595	0.21716395	0.21716395
3414	0.248509418	0.248509418
2942	0.224435431	0.224435431
2799	0.224435431	0.224435431
886	0.274951878	0.274951878
2441	0.274951878	0.274951878
330	0.207888651	0.199827583
1703	0.207888651	0.199827583
1912	0.188781149	0.180075593
1295	0.145042533	0.145042533
315	0.074020605	0.083465834
576	0.088787184	0.088787184
500	0.088787184	0.088787184
2743	0.078113078	0.078113078
1387	0.015690284	0.034288146
4081	0.015690284	0.034288146
3551	0.065844177	0.065844177
1921	0.065844177	0.065844177
992	0.021554428	0.021554428
991	0.034772945	0.034159962
997	0.021639292	0.021639292
3595	0.030203776	0.019633389
3144	0.047604776	0.021547592
1435	0.065630606	0.04175328
2621	0.014563129	0.014563129
456	0.014563129	0.014563129
979	0.010978404	0.010978404
445	0.01772119	0.01772119
1439	0.055029634	0.055029634
447	0.027232267	0.027232267
2615	0.043851071	0.043334977
442	-0.008187289	-0.008187289
3162	-0.016153514	-0.016153514
449	-0.006630016	-0.006630016
3142	0.007071051	0.007071051
462	-0.002271252	-0.002271252
3587	-0.006116562	-0.006116562
460	-0.003489542	-0.003489542
984	0.002019354	0.002019354
980	0.143139641	0.066051254
1431	0.024761176	0.024761176
3599	0.028033845	0.028033845
2607	-0.066973374	-0.081306609
3140	0.027534357	0.027534357
3156	0.012442924	-0.002242585
443	0.020910064	0.020910064
3591	0.020910064	0.020910064
3147	0.020910064	0.020910064
3583	0.062100245	0.062100245
987	0.025004559	0.025004559
2599	0.025004559	0.025004559
459	0.032158434	0.032158434
451	0.073468983	0.073468983
3141	0.119795037	0.077207935
3151	0.183288839	0.183288839
532	0.001321059	0.001321059
516	-0.042378055	-0.042378055
1055	-0.061749878	-0.061749878
1071	-0.073800365	-0.069684281
3215	-0.073800365	-0.069684281
2687	-0.073800365	-0.069684281
511	-0.073800365	-0.069684281
2676	-0.073800365	-0.069684281
2671	-0.06730076	-0.06730076
527	-0.070459067	-0.070459067
3231	-0.018362242	-0.018362242
512	-0.018362242	-0.018362242
2675	-0.014509194	-0.014509194
2688	-0.014509194	-0.014509194
1067	-0.014509194	-0.014509194
3219	-0.014509194	-0.014509194
515	-0.020037886	-0.020037886
985	-0.000226811	-0.00310868
981	-0.032624917	-0.032624917
2620	-0.031887734	-0.031887734
988	-0.035376718	-0.035376718
4131	-0.029138811	-0.029138811
990	-0.029138811	-0.029138811
440	0.025873091	-0.028515217
2622	0.044258157	0.044258157
441	-0.021604651	-0.021604651
3159	-0.021604651	-0.021604651
986	-0.021604651	-0.021604651
1427	-0.014095565	-0.014095565
3161	-0.00580448	-0.00580448
2605	-0.059061463	-0.059061463
446	-0.020054061	-0.020054061
450	-0.004217938	-0.004217938
999	-0.004217938	-0.004217938
3154	-0.021333254	-0.021333254
4123	-0.001511486	-0.001511486
3158	0.010687457	0.028304071
995	0.008407716	0.013409605
2601	0.030071262	0.039282463
3153	0.103762303	0.103762303
3149	0.018392635	0.018392635
3736	-0.012898776	-0.012898776
1189	-0.012898776	-0.012898776
1726	-0.012898776	-0.012898776
1717	-0.012898776	-0.012898776
2602	-0.031260189	-0.031260189
2609	-0.022854233	-0.022854233
2603	-0.01766899	-0.01766899
1967	-0.01766899	-0.01766899
998	0.033932327	0.068762781
2611	-0.022774153	-0.022774153
3143	-0.033139676	-0.033139676
3945	-0.024498037	-0.024498037
989	-0.030440957	-0.030440957
3899	-0.025068752	-0.025068752
3160	-0.025068752	-0.025068752
461	-0.025068752	-0.025068752
455	-0.040015922	-0.051213399
2619	-0.040827215	-0.06463445
452	-0.02009178	-0.02009178
1194	-0.015923707	-0.015923707
1725	-0.015923707	-0.015923707
4127	-0.013627055	-0.013627055
457	-0.013627055	-0.013627055
2608	0.01057346	0.01057346
1001	0.025316025	0.025316025
3157	-0.01001482	-0.01001482
871	0.007086752	0.007086752
983	0.02853577	0.02853577
993	0.0098973	0.0098973
1443	0.012830942	0.012830942
994	0.015404941	0.015404941
458	0.008231669	0.008231669
454	0.023382636	0.023382636
1423	0.023382636	0.023382636
2613	0.023382636	0.023382636
1971	0.027233644	0.027233644
2612	0.021010832	0.021010832
3603	0.021010832	0.021010832
444	0.02682983	0.02682983
3340	0.02682983	0.02682983
4166	0.028467157	0.028467157
4162	0.034396553	0.034396553
2002	0.034396553	0.034396553
3155	0.063030869	0.063030869
2600	0.051600001	0.051600001
2614	0.04772013	0.04772013
1002	0.035173869	0.035173869
3360	0.024824417	0.024824417
3139	0.020936019	0.020936019
2606	-0.000468091	-0.000468091
1000	0.068594737	0.068594737
3348	0.041948625	0.041948625
3150	0.038696539	0.038696539
3148	0.065664667	0.065664667
3146	0.05088729	0.05088729
2616	0.05088729	0.05088729
3145	0.054631223	0.054631223
2617	0.071578233	0.082250918
2610	0.058315808	0.058315808
1963	0.044004971	0.044004971
453	0.054181775	0.054181775
4154	0.0358957	0.0358957
1721	0.0358957	0.0358957
3152	0.0358957	0.0358957
439	0.032482074	0.032482074
1734	0.032482074	0.032482074
996	0.038613332	0.038613332
2618	0.118638167	0.118638167
448	0.060222459	0.060222459
1391	0.025736657	0.025736657
4085	0.022108837	0.01285384
982	0.009136596	0.009136596
1925	0.140328502	0.140328502
3555	0.140328502	0.140328502
2349	0.145366379	0.145366379
2691	0.111864184	0.14929213
2346	0.148423378	0.158861735
731	0.131951738	0.160488239
711	0.131951738	0.160488239
4020	0.132308682	0.140116264
1006	0.164500485	0.203525502
4016	0.21921147	0.26828758
2890	0.146647948	0.196034294
1728	0.130397715	0.1861868
1856	0.130397715	0.1861868
732	0.110019058	0.150250125
2638	0.056765726	0.125231564
187	0.048595819	0.087305821
2329	0.042776207	0.075709432
189	0.055978048	0.099713427
2332	0.055978048	0.099713427
181	0.055978048	0.099713427
2884	0.020749774	0.062104063
726	0.020749774	0.062104063
172	0.020749774	0.062104063
2874	0.020749774	0.062104063
170	0.020749774	0.062104063
2880	0.012101992	0.062393555
190	0.015845203	0.062411839
2342	0.02696287	0.084881067
715	0.018100643	0.028723435
178	0.018685761	0.019063482
2646	0.018104516	0.028361561
1005	0.023234933	0.023234933
171	0.011789848	0.011789848
2337	0.011789848	0.011789848
3165	0.011789848	0.011789848
1009	0.001245802	0.001245802
3173	-0.001691132	-0.001691132
3974	-0.001691132	-0.001691132
486	-0.001691132	-0.001691132
469	-0.000430361	-0.000430361
179	0.003034967	0.003034967
3170	0.003034967	0.003034967
3166	0.003034967	0.003034967
2338	-0.067289482	-0.067289482
2869	0.013807013	0.014777901
481	0.101731639	0.101731639
1017	0.010200702	0.010200702
191	0.013744419	0.013744419
1024	0.043562444	0.043562444
2333	-0.002851735	-0.002851735
1021	-0.014383543	-0.014383543
3177	-0.006973834	-0.006973834
713	-0.002829451	-0.002829451
1025	-0.021381331	-0.021381331
3185	-0.006792476	-0.006792476
2879	-0.006780561	-0.006780561
2641	-0.000318373	-0.000318373
2886	0.003928917	0.003928917
2876	0.006355119	0.006355119
721	0.022969461	0.035280858
2352	0.044674034	0.044674034
718	0.014968006	0.014968006
482	0.007727922	0.007727922
173	0.010687724	0.010687724
722	0.010687724	0.010687724
186	0.010687724	0.010687724
3174	0.057760213	0.02795978
2642	0.007866855	0.007866855
2637	0.002433507	0.002433507
2871	0.002433507	0.002433507
2883	0.006290682	0.006290682
712	0.006290682	0.006290682
2877	-0.002503592	-0.002503592
2891	0.059122637	0.059122637
2340	0.059122637	0.059122637
1013	0.059581423	0.059581423
728	0.028541705	0.028541705
727	0.028541705	0.028541705
1010	0.024926272	0.024926272
2630	0.009929852	0.009929852
725	-0.014632425	0.026508739
2626	-0.014558862	0.032401476
709	-0.017070604	0.011266124
185	-0.021038796	0.02243674
1860	-0.023646474	-0.003136942
729	-0.023646474	-0.003136942
2335	-0.033104654	-0.003374038
465	-0.040893147	-0.0179868
2334	-0.047914555	-0.018021181
2888	-0.047914555	-0.018021181
1723	-0.025454502	-0.022925207
714	-0.025454502	-0.022925207
478	-0.039570431	-0.039570431
2252	-0.039570431	-0.039570431
2875	-0.029281836	-0.029281836
3887	-0.045129813	-0.045129813
2885	-0.045129813	-0.045129813
177	-0.045129813	-0.045129813
2889	-0.043001539	-0.043001539
2344	-0.066360449	-0.066360449
2350	-0.066249142	-0.051731264
710	-0.068047979	-0.068047979
2339	-0.068055861	-0.06266008
2331	-0.068055861	-0.06266008
2345	-0.078831752	-0.069466124
2634	0.113730626	0.05597389
2351	-0.084149577	-0.076786666
2887	-0.084149577	-0.076786666
3356	-0.058390976	-0.058390976
1730	-0.06476303	-0.06476303
716	-0.07297205	-0.07297205
2878	-0.085174543	-0.082077934
466	-0.085174543	-0.082077934
470	-0.085174543	-0.082077934
3169	-0.085174543	-0.082077934
2870	-0.085174543	-0.082077934
2347	-0.085174543	-0.082077934
2872	-0.100648197	-0.082173061
720	-0.100648197	-0.082173061
2633	-0.100648197	-0.082173061
188	-0.100335525	-0.089377651
2629	-0.134475975	-0.113875142
2336	-0.089981243	-0.089981243
2330	-0.089981243	-0.089981243
169	-0.089981243	-0.089981243
2348	-0.092159581	-0.092159581
473	-0.115017842	-0.09572482
192	-0.114752297	-0.090530575
723	-0.117888155	-0.090387632
717	-0.111294953	-0.090302535
3353	-0.111413258	-0.09363468
2645	-0.111413258	-0.09363468
176	-0.085051151	-0.085051151
175	-0.085051151	-0.085051151
2983	-0.078204288	-0.078204288
182	-0.081247086	-0.081247086
2341	-0.084698793	-0.084698793
724	-0.085395268	-0.085395268
183	-0.085395268	-0.085395268
2882	-0.085395268	-0.085395268
2892	-0.088310788	-0.088310788
719	-0.088310788	-0.088310788
2873	-0.091354458	-0.091354458
1931	-0.081595307	-0.081595307
4089	-0.102710209	-0.102710209
174	-0.021798694	-0.021798694
1929	-0.05090825	-0.05090825
4098	-0.05090825	-0.05090825
3352	-0.05090825	-0.05090825
333	-0.05090825	-0.05090825
2941	-0.05090825	-0.05090825
904	-0.05090825	-0.05090825
1733	-0.069063405	-0.051443701
1798	-0.073040783	-0.059083532
3341	-0.073040783	-0.059083532
2440	-0.073669087	-0.048440175
4269	-0.072029249	-0.036994455
1343	-0.072581279	-0.024033385
3948	-0.072424158	-0.032068846
4199	-0.066035399	-0.027665069
300	-0.054996343	-0.027826446
1169	-0.054996343	-0.027826446
4171	-0.050843503	-0.027911363
3405	-0.050843503	-0.027911363
3692	-0.005730408	-0.005730408
3134	0.028188476	0.028188476
544	-0.003743271	-0.003743271
255	-0.008806039	-0.008806039
915	-0.008806039	-0.008806039
262	0.000407157	0.000407157
4149	0	0
3688	-0.002595362	-0.002595362
556	-0.002595362	-0.002595362
2407	3.25E-05	3.25E-05
288	0.009264925	0.009264925
908	0.037655697	0.037655697
639	0.039145845	0.039145845
4198	0.043826833	0.043826833
2116	0.046645704	0.046645704
3522	0.046645704	0.046645704
572	0.059075126	0.059075126
3566	0.083769727	0.083769727
43	0.083769727	0.083769727
3570	0.083769727	0.083769727
1047	0.080783533	0.080783533
2725	0.097944169	0.097944169
3579	0.097944169	0.097944169
1404	0.097944169	0.097944169
4231	0.079531926	0.079531926
2197	0.079531926	0.079531926
2513	0.087778906	0.096408597
892	0.077261453	0.077261453
1415	0.077261453	0.077261453
2740	0.06728257	0.069670434
2206	0.06728257	0.069670434
1523	0.054797393	0.054797393
1225	0.046551988	0.050824086
2541	0.046040133	0.046040133
3499	0.069989229	0.070492652
4225	0.055956333	0.055956333
3311	0.055956333	0.055956333
2038	0.047628009	0.047628009
103	0.02630995	0.02630995
3877	0.021566932	0.021566932
2952	0.035207353	0.035207353
3854	0.032918988	0.032918988
2181	0.038402208	0.038402208
1526	-0.005445204	-0.005445204
2134	-0.005445204	-0.005445204
2683	0.00566561	0.02163235
289	-0.006878248	-0.006878248
2959	-0.006878248	-0.006878248
1517	-0.01177829	-0.01177829
2947	-0.014453214	-0.014453214
3000	-0.014453214	-0.014453214
3411	-0.013087804	-0.013087804
4307	-0.013087804	-0.013087804
3489	0.003379468	0.003379468
3190	0.015823704	0.015823704
332	0.027226187	0.04800691
335	0.027226187	0.04800691
3744	0.010855522	0.010855522
2986	0.007354375	0.007354375
3013	0.007354375	0.007354375
2833	0.007354375	0.007354375
828	-0.008484374	-0.008484374
290	0.001377273	0.001377273
832	0.007630833	0.007630833
2726	-0.025765033	-0.024525521
766	-0.003049692	0.026519589
3839	0.030565	0.030565
4160	0.055490845	0.132505092
3419	0.046661741	0.06014101
3612	0.003388928	0.046013893
1899	-0.009773199	0.017383113
2584	-0.009773199	0.017383113
2040	0.002617941	0.043373085
2136	0.002617941	0.043373085
3131	-0.030954556	0.042489444
3874	0.005532947	0.055986332
4061	0.011346891	0.080735273
1748	0.050436442	0.075967045
1822	-0.002250628	0.080560169
2580	-0.023930918	0.027307413
1548	0.008778982	0.07851854
4032	0.008778982	0.07851854
247	-0.035629984	0.104782059
1693	-0.035629984	0.104782059
422	0.208537222	0.208537222
1708	-0.013107192	0.004361135
3027	-0.024900659	-0.024900659
2439	0.002337569	0.002337569
831	-0.023330684	-0.023330684
554	-0.023330684	-0.023330684
3656	-0.009709044	0.011563954
1864	-0.019149414	0.012973842
829	-0.018206172	0.031502202
3389	-0.039207114	-0.039207114
4025	-0.039207114	-0.039207114
1373	-0.029235262	-0.029235262
644	-0.029235262	-0.029235262
4238	-0.041392443	-0.041392443
2004	-0.032667635	-0.032667635
3620	-0.046242182	-0.046242182
334	-0.046242182	-0.046242182
3402	-0.046242182	-0.046242182
1805	-0.04372757	-0.04372757
419	-0.055189091	-0.055189091
2460	-0.043240166	-0.043240166
1601	-0.06448625	-0.06448625
3669	-0.057196396	-0.057196396
962	0.118591245	0.044676379
969	0.106564346	0.096462078
3423	-0.094584887	-0.094584887
3343	-0.094584887	-0.094584887
1992	-0.099533054	-0.099533054
1464	-0.1030666	-0.1030666
2957	-0.1030666	-0.1030666
222	-0.113455643	-0.113455643
1168	-0.113455643	-0.113455643
3966	-0.113455643	-0.113455643
762	-0.113455643	-0.113455643
1193	-0.157990795	-0.157990795
2242	-0.15827328	-0.15827328
1483	-0.15827328	-0.15827328
1812	-0.151511995	-0.151030245
2944	-0.147979202	-0.147979202
2042	-0.15691336	-0.138923668
3678	-0.172933182	-0.137553948
3663	-0.172933182	-0.137553948
4240	-0.163859597	-0.136912997
2985	-0.156724995	-0.13680542
1288	-0.156724995	-0.13680542
790	-0.139695722	-0.136938395
920	-0.139695722	-0.136938395
2840	-0.132594334	-0.132594334
2582	-0.12170404	-0.12170404
324	-0.133189091	-0.127642583
2454	-0.125131063	-0.125131063
1706	-0.125131063	-0.125131063
2036	-0.125131063	-0.125131063
2167	-0.125131063	-0.125131063
2408	-0.149302187	-0.137755553
4201	-0.161350164	-0.137913843
2120	-0.161350164	-0.137913843
3670	-0.161350164	-0.137913843
3327	-0.154102828	-0.127964006
1485	-0.154102828	-0.127964006
238	-0.127062021	-0.079333116
1987	-0.127062021	-0.079333116
3930	-0.128257891	-0.096951149
2107	-0.128257891	-0.096951149
4054	-0.128257891	-0.096951149
1153	-0.128257891	-0.096951149
1933	-0.128257891	-0.096951149
4093	-0.128257891	-0.096951149
2713	-0.051748291	-0.051748291
1395	-0.030741572	-0.053378805
4075	0.032105625	0.039969861
329	0.032105625	0.039969861
1555	0.032105625	0.039969861
4097	0.032105625	0.039969861
513	0.047911701	0.071787413
1236	0.031819086	0.034408809
29	0.031819086	0.034408809
3202	0.031819086	0.034408809
3534	0.013097789	0.013097789
2731	0.016358168	0.016358168
3890	0.016358168	0.016358168
3504	0.016358168	0.016358168
568	0.016358168	0.016358168
4100	0.009332928	0.009332928
3580	-0.035459527	-0.049099688
377	0.017074626	0.017074626
2199	0.017074626	0.017074626
1577	0.021264962	0.021264962
3071	0.015102275	0.015102275
3409	0.008986795	0.008986795
4305	-0.00097421	-0.00097421
641	0.037251104	0.037251104
2954	0.003844415	0.003844415
2708	0.014562036	0.014562036
4024	0.020066961	0.020066961
1471	0.029998006	0.026736857
1613	0.098594971	0.098594971
2437	0.101095808	0.101095808
1765	0.035750077	0.035750077
2146	0.028799101	0.028799101
4183	0.032553148	0.032553148
1244	0.032553148	0.032553148
3745	0.03154186	0.022950448
3624	0.03154186	0.022950448
3033	0.03154186	0.022950448
1368	0.03154186	0.022950448
1243	0.023785052	0.023038727
1669	0.020601518	0.020601518
3702	0.020601518	0.020601518
1867	0.013816503	0.013816503
4259	0.013816503	0.013816503
2809	0.010752392	0.010752392
2260	0.002962206	0.002962206
3130	0.036098401	0.036098401
3008	0.036473794	0.036473794
5	0.036473794	0.036473794
1781	0.014634669	0.014634669
1487	0.022526467	0.022526467
811	0.024753936	0.024753936
1910	0.027249002	0.027249002
2117	0.031048948	0.031048948
1895	0.034310118	0.034310118
4228	0.034310118	0.034310118
3719	0.034310118	0.034310118
4190	0.034310118	0.034310118
3875	0.037982018	0.037982018
309	0.032680486	0.032680486
580	0.034709581	0.034709581
1044	0.004324842	0.004324842
2503	0.006427843	0.006427843
2745	0.006427843	0.006427843
1878	0.006427843	0.006427843
1165	0.006427843	0.006427843
3572	0.015461893	0.015461893
34	0.000287965	0.000287965
4041	-0.007974846	-0.007974846
1497	0.000414926	0.000414926
2129	0.000414926	0.000414926
3718	0.000414926	0.000414926
1449	0.000414926	0.000414926
2950	0.007088447	0.007088447
4066	0.015314274	0.015314274
3864	0.015314274	0.015314274
561	0.015314274	0.015314274
1566	0.015314274	0.015314274
1190	0.015314274	0.015314274
2934	0.018912042	0.018912042
2145	0.023533104	0.023533104
3321	0.041869912	0.041869912
2457	0.046004202	0.046004202
2098	0.046004202	0.046004202
2176	0.046004202	0.046004202
2538	0.046004202	0.046004202
4021	0.182462372	0.174767373
416	0.040975474	0.040975474
303	0.006330783	0.006330783
1245	0.006330783	0.006330783
3734	0.012910556	0.012910556
2416	0.001797184	0.001797184
3767	-0.010232256	-0.010232256
1276	-0.005551584	-0.005551584
3484	-0.005551584	-0.005551584
859	0.025133755	0.025133755
3648	0.025133755	0.025133755
2269	0.025133755	0.025133755
2575	-0.069531486	-0.069531486
2394	0.010420435	0.010420435
1419	0.028854173	0.028854173
578	0.028854173	0.028854173
427	0.038741875	0.038741875
437	0.044923831	0.044923831
4175	0.025611204	0.025611204
3932	0.025611204	0.025611204
1503	0.021422164	0.021422164
2960	0.021422164	0.021422164
2595	0.02733191	0.02733191
2719	0.021340239	0.021340239
2063	0.035352982	0.035352982
1573	0.038495369	0.038495369
1877	0.036364968	0.036364968
2424	0.077111543	0.077111543
3635	0.058335537	0.058335537
2961	0.081258434	0.09838104
1792	0.036875757	0.036875757
2811	0.036875757	0.036875757
3733	0.047696788	0.047696788
374	0.047696788	0.047696788
4051	0.043482858	0.043482858
1358	0.060724638	0.060724638
2710	0.032434738	0.032434738
318	0.032434738	0.032434738
219	-0.002210757	-0.002210757
2108	0.022132456	0.022132456
2034	0.022132456	0.022132456
3878	0.022132456	0.022132456
907	0.016193229	0.016193229
1524	0.013008233	0.013008233
1571	-0.003324818	-0.003324818
2086	-0.008640931	-0.008640931
2166	-0.009753065	-0.009753065
2041	-0.014126833	-0.014126833
3660	-0.025403934	-0.025403934
241	-0.025403934	-0.025403934
3652	-0.017039212	-0.017039212
3564	-0.020525074	-0.020525074
3567	-0.004241956	0.001642596
566	-0.007842896	-0.007842896
3560	-0.003152317	-1.19E-05
1408	-0.019029718	-0.019029718
2109	-0.022060203	-0.022060203
1808	-0.010039221	-0.002161016
2419	-0.010039221	-0.002161016
8	-0.01963145	-0.01963145
2054	-0.030644755	-0.030644755
2818	-0.01778061	-0.01778061
1872	-0.025049097	-0.025049097
1400	-0.026882773	-0.026882773
2974	0.003466305	0.003466305
2189	-0.026593508	-0.026593508
2597	-0.036220484	-0.036220484
1495	-0.02999574	-0.02999574
428	-0.02999574	-0.02999574
326	-0.02999574	-0.02999574
1521	-0.02999574	-0.02999574
1946	-0.02999574	-0.02999574
2412	-0.043987569	-0.043987569
3431	-0.028265754	-0.028265754
3320	-0.02479081	-0.02479081
1340	-0.046994249	-0.046994249
1178	-0.043468446	-0.043468446
253	-0.107494185	-0.107494185
1937	-0.020003253	-0.020003253
2164	0.075027189	0.075027189
426	0.018713735	0.018713735
931	-0.114066509	-0.114066509
3092	-0.126899842	-0.126899842
943	-0.117773228	-0.117773228
399	-0.114370788	-0.114370788
1983	-0.114370788	-0.114370788
950	-0.12554906	-0.12554906
3107	-0.112085627	-0.112085627
1979	-0.133310605	-0.133310605
1275	-0.125956534	-0.125956534
2556	-0.130191594	-0.092251952
3342	-0.083396536	-0.065517064
3099	-0.106078562	-0.099919468
936	-0.155850068	-0.09968755
946	-0.13125101	-0.099938017
939	-0.138389895	-0.095119217
3349	-0.146055863	-0.095343994
2564	-0.146055863	-0.095343994
3095	-0.146122233	-0.098458324
2553	-0.155208273	-0.109063659
3103	-0.149751178	-0.108990388
2555	-0.149526761	-0.118022032
400	-0.15921791	-0.129037088
2560	-0.15921791	-0.129037088
2551	-0.167228641	-0.129979892
2554	-0.166825279	-0.123740301
392	-0.166825279	-0.123740301
3111	-0.170460777	-0.134469172
2568	-0.170460777	-0.134469172
406	-0.170917008	-0.143975325
413	-0.15943267	-0.144106033
394	-0.15943267	-0.144106033
408	-0.119480911	-0.114975017
3339	-0.134320915	-0.134320915
412	-0.142997543	-0.120383285
2563	-0.162544324	-0.122817893
409	-0.175659722	-0.137231747
2562	-0.165484944	-0.159240447
3105	-0.165356594	-0.150076927
3096	-0.117608965	-0.117608965
410	-0.117608965	-0.117608965
3098	-0.170211897	-0.170211897
3106	-0.172115238	-0.172115238
3102	-0.130111172	-0.130111172
3093	-0.131990405	-0.131990405
2565	-0.124892557	-0.124892557
3104	-0.11039182	-0.11039182
411	-0.101788291	-0.101788291
396	-0.09777924	-0.09777924
398	-0.092345628	-0.092345628
391	-0.088723779	-0.088723779
938	-0.088723779	-0.088723779
937	-0.093959183	-0.093959183
402	-0.085707844	-0.085707844
2572	-0.067843009	-0.067843009
949	-0.065092308	-0.065092308
2561	-0.074942715	-0.074942715
3110	-0.068081204	-0.068081204
3113	-0.065146313	-0.065146313
2573	-0.055534084	-0.055534084
3100	-0.046993699	-0.046993699
3109	-0.068493683	-0.068493683
2567	-0.068493683	-0.068493683
2558	-0.078028148	-0.078028148
942	-0.078028148	-0.078028148
947	-0.071633553	-0.071633553
2570	-0.071633553	-0.071633553
2552	-0.077732318	-0.077732318
3101	-0.077732318	-0.077732318
3097	-0.077732318	-0.077732318
933	-0.070260896	-0.070260896
2574	-0.064713347	-0.064713347
393	-0.078622574	-0.078622574
945	-0.05001608	-0.05001608
2569	-0.042099531	-0.044519637
935	-0.041792305	-0.059615045
4143	-0.031094178	-0.059641883
2571	-0.025935061	-0.059669761
3091	-0.025935061	-0.059669761
405	-0.025852188	-0.054091354
944	-0.025852188	-0.054091354
941	-0.0260461	-0.060925424
2566	-0.02604176	-0.066791029
2557	-0.02604176	-0.066791029
951	-0.0383813	-0.062562545
954	-0.022156624	-0.05315689
3112	-0.022156624	-0.05315689
3114	-0.022268002	-0.03531295
953	0.254748526	0.254748526
940	-0.044115658	-0.044115658
934	-0.046284496	-0.046284496
404	-0.043058771	-0.043058771
403	-0.043058771	-0.043058771
395	-0.041063609	-0.041063609
401	-0.069372143	-0.069372143
414	-0.076155068	-0.076155068
952	-0.034560602	-0.034560602
1378	-0.031695262	-0.031695262
3538	0.003973956	0.003973956
3108	-0.001032489	-0.001032489
1501	0.028014381	0.028014381
1059	0.021185011	0.021185011
2812	0.038232797	0.038232797
3502	0.068155503	0.068155503
2709	0.450656778	0.41790603
2047	0.021534209	0.002256
3937	0.021534209	0.002256
814	0.021534209	0.002256
280	0.023684223	0.023684223
2576	0.025669255	0.025669255
3309	0.021843126	0.004725453
1158	0.021843126	0.004725453
3868	0.021843126	0.004725453
20	0.021843126	0.004725453
2447	0.029796619	0.004461614
2937	0.029796619	0.004461614
3844	0.038861787	0.018061761
3392	0.036669499	0.034019392
2993	0.038747786	0.017127564
1359	0.038747786	0.017127564
3836	0.025400906	0.016367351
3941	0.02539318	0.010139889
3319	0.02539318	0.010139889
3386	0.025712393	0.017136752
817	0.025712393	0.017136752
3673	0.025712393	0.017136752
912	0.03575152	0.03575152
2390	0.055863427	0.055863427
848	0.055374114	0.055374114
1612	0.048568724	0.048568724
3123	-0.132105549	-0.065536815
2494	-0.005461259	-0.005461259
117	0.032872934	0.033057162
1484	0.012248816	0.012248816
1562	0.003219793	0.003219793
2177	-0.008253157	-0.008253157
2032	-0.008253157	-0.008253157
4053	-0.017656321	-0.017656321
3451	-0.020926434	-0.020926434
1331	-0.020926434	-0.020926434
3830	-0.031012682	-0.031012682
4202	-0.044561251	-0.044561251
1459	-0.064223997	-0.064223997
2377	-0.064223997	-0.064223997
271	-0.075042843	-0.075042843
3769	-0.075042843	-0.075042843
2266	-0.079615615	-0.079615615
1339	-0.07310199	-0.07310199
430	-0.040265986	-0.040265986
2925	-0.087689583	-0.087689583
3831	-0.077129939	-0.045783497
3837	-0.077129939	-0.045783497
642	-0.077091151	-0.050513965
966	-0.046452979	-0.00815629
3984	-0.077167969	-0.035114219
3680	-0.075297248	-0.022803483
2081	-0.075297248	-0.022803483
2175	-0.08635201	-0.042448577
2730	-0.068597484	-0.043805008
1957	-0.068597484	-0.043805008
2187	-0.081633961	-0.042502163
4108	-0.111665405	-0.045154902
1416	-0.111776226	-0.036333939
2734	-0.086478056	-0.01984167
1183	-0.086478056	-0.01984167
307	-0.086478056	-0.01984167
2085	-0.086478056	-0.01984167
1248	-0.087437759	-0.046294448
3713	-0.087137124	-0.052163315
3302	-0.087137124	-0.052163315
657	-0.087137124	-0.052163315
1325	-0.056919685	-0.008859487
4072	-0.059796945	-0.031903695
1292	-0.059838116	-0.042365202
1522	-0.059838116	-0.042365202
3069	-0.041284975	-0.041284975
1172	-0.027116614	-0.027116614
3754	-0.027116614	-0.027116614
2071	-0.043688112	-0.042907523
2724	-0.043688112	-0.042907523
3995	-0.05223344	-0.048713719
3496	-0.060891066	-0.060891066
3708	-0.052220056	-0.052220056
3437	-0.069083605	-0.044806805
341	-0.069083605	-0.044806805
2087	-0.107895285	-0.058917991
1363	-0.058726093	-0.046434342
116	-0.104569222	-0.068956657
2150	-0.109562154	-0.08622669
4172	-0.122383152	-0.085688941
2502	-0.122383152	-0.085688941
835	-0.127410282	-0.085473156
1052	-0.156493123	-0.096058202
3036	-0.175012846	-0.084577641
1051	-0.177208302	-0.101040106
2497	-0.176918366	-0.108395496
1170	-0.175956486	-0.125013853
4284	-0.175956486	-0.125013853
2815	-0.17549622	-0.13393396
1815	-0.194867454	-0.152116249
1370	-0.1881769	-0.129064172
2984	-0.176221181	-0.129680486
1167	-0.186504027	-0.137384914
3026	-0.186504027	-0.137384914
2807	-0.153867312	-0.138023136
1915	-0.151261256	-0.151261256
3542	-0.170834158	-0.170834158
3743	-0.229811812	-0.229811812
4265	-0.229811812	-0.229811812
3083	-0.105272198	-0.099781827
3501	-0.110013054	-0.110013054
2449	-0.125255758	-0.125255758
3746	-0.110833791	-0.110833791
770	-0.117711245	-0.117711245
4036	-0.10379394	-0.10379394
370	-0.045772329	-0.045772329
2581	-0.011782011	-0.011782011
1174	-0.043104893	-0.043104893
2027	-0.038478156	-0.038478156
2406	-0.038478156	-0.038478156
2808	-0.035063213	-0.035063213
2263	-0.041779358	-0.041779358
2028	-0.041779358	-0.041779358
4165	-0.038534301	-0.038534301
3455	-0.040246953	-0.040246953
3529	-0.033338586	-0.033338586
304	-0.033338586	-0.033338586
3334	-0.036900817	-0.036900817
1779	-0.036900817	-0.036900817
3641	-0.030352934	-0.030352934
3325	-0.01903382	-0.01903382
3520	-0.023914202	-0.023914202
1332	-0.033253731	-0.033253731
2055	-0.017815085	-0.017815085
327	-0.011359986	-0.011359986
7	-0.011359986	-0.011359986
1771	-0.014156059	-0.014156059
2088	-0.014156059	-0.014156059
1284	-0.014156059	-0.014156059
1883	-0.011706108	-0.011706108
4226	-0.008899688	-0.008899688
2137	-0.008899688	-0.008899688
2936	-0.010823939	-0.010823939
3693	-0.010823939	-0.010823939
3324	-0.004847	-0.004847
1876	-0.007893658	-0.007893658
3126	0.000357782	0.000357782
3408	-0.011028231	-0.011028231
1542	-0.007776773	-0.007776773
1175	-0.011010135	-0.011010135
3956	-0.021797347	-0.021797347
2078	0.013006362	0.013006362
3393	-0.003263156	-0.003263156
4042	-0.004514423	-0.004514423
1235	-0.017083175	-0.017083175
4244	-0.020924977	-0.020924977
3347	-0.039992711	-0.039992711
3893	-0.042294315	-0.042294315
3518	-0.042294315	-0.042294315
1195	-0.036943591	-0.036943591
4182	-0.051385501	-0.051385501
851	-0.02975644	-0.02975644
4253	-0.02975644	-0.02975644
313	-0.033064409	-0.033064409
2278	-0.032548451	-0.032548451
793	-0.024460463	-0.024460463
1553	-0.024460463	-0.024460463
1768	0.076047697	0.076047697
2033	-0.020338519	-0.020338519
2943	-0.054358763	-0.054358763
3727	-0.022678736	-0.022678736
2268	0.013511553	0.013511553
4212	0.018031517	0.018031517
4194	0.036340431	0.036340431
1258	0.029433411	0.029433411
2945	0.018512181	0.018512181
12	0.02083577	0.02083577
3329	0.009860191	0.001426761
2051	0.011596588	0.009722793
295	0.011596588	0.009722793
230	0.011596588	0.009722793
1905	0.017294553	0.017294553
813	0.017294553	0.017294553
3576	-0.008728018	-0.012349426
1787	-0.005227554	-0.005227554
4264	0.031423046	0.031423046
3056	0.018512196	0.018512196
3397	0.012549158	0.012549158
2066	0.078490791	0.074850706
4298	0.078490791	0.074850706
1727	0.067542736	0.066056524
1493	0.04374965	0.04374965
4308	-0.000800109	-0.000800109
429	-0.001663417	-0.001663417
436	-0.001985497	-0.001985497
2144	-0.001985497	-0.001985497
1328	0.038628864	0.038628864
1700	0.065949105	0.065949105
3355	0.065949105	0.065949105
3633	0.075504865	0.075504865
4022	0.069843892	0.069461638
1382	0.088314676	0.088314676
3546	0.30562515	0.30562515
4215	0.018010002	0.014929244
3323	0.008469473	0.008469473
1786	0.070529493	0.070529493
3724	0.070529493	0.070529493
1386	0.080385285	0.080385285
4095	0.08737776	0.08737776
3886	0.095016671	0.095016671
1182	0.080847641	0.080847641
4158	0.073068827	0.073068827
4288	0.059049555	0.059049555
2169	0.069706085	0.069706085
3084	0.052081024	0.052081024
277	0.046364949	0.046364949
3516	0.050877113	0.056461292
1710	0.035393534	0.035393534
2990	0.018289449	0.018289449
3853	0.015451243	0.015451243
4309	0.03470765	0.03470765
3490	0.054672766	0.054672766
3119	0.056979353	0.060533902
543	0.027979053	0.027979053
424	0.047303916	0.047303916
4304	0.035154635	0.035154635
373	0.047890315	0.047890315
2804	0.03592865	0.045003745
1674	0.03592865	0.045003745
2009	0.037645101	0.046835334
296	0.029015896	0.029015896
3497	-0.019087622	-0.019087622
2692	0.014337454	0.033760498
2684	0.026864686	0.044268209
3834	0.014070039	0.0262718
4205	0.006574089	0.025403373
1676	0.006574089	0.025403373
3765	0.024737417	0.039356643
3835	0.024737417	0.039356643
140	-0.027528665	-0.027528665
650	-0.038287389	-0.017400766
1836	-0.00032406	0.000717729
4301	0.11661142	0.144453124
4094	0.108757109	0.108757109
2471	0.024994371	0.036585455
1819	0.024994371	0.036585455
781	0.034694008	0.036661441
3038	-0.009837206	-0.020351682
2962	-0.023315467	-0.038755892
2022	-0.023315467	-0.038755892
3711	-0.021274933	-0.040157343
1892	-0.01507372	-0.087719651
1558	-0.021819404	-0.087613818
4278	-0.04266993	-0.087010858
822	-0.041970666	-0.114291081
3740	-0.041970666	-0.114291081
812	-0.041970666	-0.114291081
2701	-0.059232291	-0.07984144
1232	-0.045171705	-0.080364771
3709	-0.043243982	-0.086222396
2415	-0.075149873	-0.085239093
1702	-0.073033356	-0.103079352
1229	-0.106064588	-0.119157448
2470	-0.106773727	-0.109964572
2090	-0.106773727	-0.109964572
2706	-0.176237394	-0.176237394
2057	-0.080132235	-0.100528019
4282	-0.075282154	-0.084525301
3314	-0.066119788	-0.084560197
2705	-0.100429995	-0.12135977
830	-0.098144914	-0.116714423
2995	-0.068741997	-0.068741997
541	-0.066945704	-0.066945704
1538	-0.078367904	-0.082002063
3498	-0.078367904	-0.082002063
4243	-0.073754525	-0.073754525
1291	-0.078966245	-0.078966245
1155	-0.078966245	-0.078966245
2819	-0.076672751	-0.076672751
3359	-0.0720154	-0.0720154
816	-0.045014246	-0.030406982
4031	-0.078265374	-0.019577749
1563	-0.058171823	-0.017754225
3486	-0.042618224	-0.042618224
2469	-0.056003467	-0.056003467
3305	-0.080180738	-0.080180738
2267	-0.065722033	-0.065722033
2735	-0.071660396	-0.071660396
3194	-0.070833465	-0.070833465
3485	-0.073530779	-0.073530779
100	-0.073530779	-0.073530779
4219	-0.049777428	-0.049777428
3432	-0.103377405	-0.103377405
4174	-0.1139516	-0.1139516
2917	-0.106826378	-0.105688433
3483	-0.100537736	-0.100537736
4251	-0.100537736	-0.100537736
3290	-0.100537736	-0.100537736
3849	-0.100537736	-0.100537736
2402	-0.100537736	-0.100537736
558	-0.097438211	-0.097438211
4254	-0.097438211	-0.097438211
1480	-0.08528336	-0.08528336
2170	-0.080232038	-0.080232038
1907	-0.067397794	-0.067397794
1251	-0.06219818	-0.06219818
3550	-0.058262975	-0.058262975
1401	-0.058262975	-0.058262975
3533	-0.058262975	-0.058262975
1390	-0.129992796	-0.129992796
4079	-0.122901363	-0.122901363
3697	-0.100108553	-0.100108553
786	-0.11717624	-0.11717624
821	-0.11717624	-0.11717624
826	-0.129191362	-0.129191362
2053	-0.129191362	-0.129191362
1041	-0.123218842	-0.123218842
1599	-0.128447813	-0.128447813
2527	-0.128447813	-0.128447813
575	-0.134193337	-0.134193337
340	-0.148672015	-0.148672015
2141	-0.159246227	-0.159246227
2479	-0.159246227	-0.159246227
3354	-0.142655792	-0.142655792
885	-0.142655792	-0.142655792
1198	-0.142938792	-0.142938792
2466	-0.148270498	-0.148270498
3977	-0.150122462	-0.150122462
3700	-0.150122462	-0.150122462
3293	-0.151901939	-0.151901939
2717	-0.136893964	-0.136893964
15	-0.136893964	-0.136893964
3034	-0.123401595	-0.123401595
3559	-0.117931968	-0.120045275
569	-0.113277221	-0.11532628
3004	-0.113037349	-0.122864291
2061	-0.101091475	-0.122969009
3299	-0.10939022	-0.130785936
1712	-0.109501766	-0.125912253
3200	-0.098946911	-0.098946911
3629	-0.109689532	-0.11240681
2737	-0.084005534	-0.111728155
1961	-0.107200561	-0.111937354
46	-0.093420551	-0.101658616
519	-0.114524485	-0.11415259
3216	-0.135975397	-0.135975397
4180	-0.049012815	-0.083335621
2434	0.000150678	0.000150678
3035	0.020871302	0.020871302
4213	-0.00530651	-0.00530651
302	0.033297205	0.033297205
3698	-0.003317587	-0.048276298
3338	0.031219442	-0.008088924
557	0.000778964	-0.021111962
1399	-0.022335542	-0.022335542
3840	0.019499838	0.019499838
1529	-0.044206799	-0.064126507
3562	-0.04386595	-0.048932735
45	-0.043608955	-0.101851072
3738	-0.043831373	-0.093941608
4122	-0.015088187	-0.015088187
4280	-0.006919532	-0.006919532
3621	0.084219431	0.084219431
4106	0.10883013	0.10883013
2196	0.283748707	0.283748707
3885	0.28034647	0.335707237
3053	0.102272089	0.102272089
637	0.029874415	0.029874415
2660	0.034881704	-0.027802558
3869	0.034782027	-0.033375837
2744	0.034782027	-0.033375837
3883	0.034782027	-0.033375837
2008	0.034782027	-0.033375837
36	0.034782027	-0.033375837
4118	0.054042773	0.034687552
1942	0.055830627	0.055830627
1045	0.024386856	0.011153689
2654	0.024386856	0.011153689
3193	0.04891011	0.023611844
2065	0.041697525	0.041697525
3739	0.083447132	0.083447132
3928	0.084645724	0.084645724
3571	0.08626942	0.08626942
577	0.065162798	0.065162798
1410	0.078116641	0.078116641
585	0.099081351	0.099081351
3515	0.157749246	0.16743777
2702	0.1371481	0.1371481
4250	0.111437891	0.111437891
2023	0.134253219	0.134253219
3201	0.103529315	0.103529315
3025	0.103529315	0.103529315
1537	0.126270571	0.131067512
3003	0.082788037	0.082788037
1911	0.105803088	0.105803088
2102	0.102969865	0.102969865
2435	0.136316214	0.136316214
3958	0.151220063	0.151220063
3608	0.136518186	0.136518186
3070	0.155462993	0.155462993
1160	0.163528755	0.163528755
3351	0.190845053	0.190845053
1774	0.203061359	0.203061359
4073	0.203061359	0.203061359
1709	0.202095313	0.202095313
4207	0.200637827	0.200637827
1816	0.156402978	0.156402978
2946	0.149986699	0.149986699
647	0.149986699	0.149986699
319	0.153259978	0.153259978
1551	0.152915696	0.152915696
4186	0.159948403	0.162198134
1939	0.127916712	0.127916712
2082	0.127916712	0.127916712
3870	0.081003091	0.076902606
3859	0.024285198	0.024285198
844	0.024285198	0.024285198
4257	0.024285198	0.024285198
1701	0.024186154	0.024186154
2174	0.068874046	0.063475677
3691	0.075853363	0.075853363
1499	0.068679324	0.068679324
286	0.127490262	0.129377621
1880	0.074222735	0.074222735
849	0.071965957	0.071965957
1919	0.076894671	0.076894671
4043	0.078546722	0.078546722
3554	0.078546722	0.078546722
1900	0.078546722	0.078546722
2106	0.081978755	0.081978755
758	0.081978755	0.081978755
1394	-0.043138482	-0.008254902
1380	-0.043138482	-0.008254902
4044	-0.043138482	-0.008254902
4173	-0.03307993	-0.028148458
1861	-0.089961108	-0.089961108
4279	-0.009201913	-0.009201913
1506	-0.008684991	-0.008684991
548	-0.008684991	-0.008684991
1516	-0.024538249	-0.024538249
3946	-0.024405565	-0.024405565
1998	-0.061126143	-0.061126143
2982	-0.061126143	-0.061126143
970	0.055938673	0.055938673
3503	-0.070664785	-0.056655639
928	-0.049068503	-0.049068503
2111	-0.045189328	-0.045189328
1729	-0.042860599	-0.038383223
2015	-0.037125302	-0.037125302
104	-0.035593461	-0.035593461
378	-0.025416951	-0.025416951
4261	-0.025416951	-0.025416951
3513	-0.019147279	-0.019147279
2464	-0.006431743	-0.006431743
3482	-0.001529872	-0.001529872
1897	0.009745063	0.009745063
3418	0.016849871	0.016849871
1164	-0.003480468	-0.003480468
1514	0.003347105	0.003347105
1908	-0.007976331	-0.007976331
1673	-0.098940673	-0.098940673
3962	-0.048094907	-0.048094907
1337	-0.019866653	-0.019866653
1906	-0.01106956	-0.01106956
850	-0.015102748	-0.015102748
2048	-0.030034164	-0.030034164
218	-0.038197303	-0.038197303
542	0.012991209	0.012991209
316	0.006924649	0.006924649
2797	0.015036644	0.015036644
106	0.010021851	0.010021851
252	0.00503185	0.00503185
1603	0.00645186	0.00645186
1694	0.015900701	-0.000186554
1510	0.005539999	0.005539999
11	-0.003333329	-0.003333329
13	-0.01147511	-0.01147511
2423	-0.016206406	-0.016206406
865	-0.065115385	-0.065115385
2275	-0.065115385	-0.065115385
4152	-0.030301943	-0.034964258
418	-0.029582335	-0.029582335
655	-0.053867215	-0.053867215
1468	-0.058431637	-0.058431637
245	-0.070561102	-0.070561102
1181	-0.070561102	-0.070561102
643	-0.068775825	-0.068775825
823	-0.034756501	-0.034756501
1505	-0.034756501	-0.034756501
845	-0.034756501	-0.034756501
2996	-0.034756501	-0.034756501
3080	-0.034756501	-0.034756501
98	-0.034756501	-0.034756501
1247	-0.04502577	-0.04502577
4248	-0.04502577	-0.04502577
3005	-0.035718786	-0.035718786
3524	-0.021176751	-0.021176751
1525	0.026442061	0.026442061
3345	0.039871932	0.039871932
4230	0.004166908	0.004166908
852	0.039678574	0.039678574
3420	0.039678574	0.039678574
2528	0.036790673	0.036790673
3934	0.036790673	0.036790673
2163	0.031909344	0.031909344
4276	0.004102504	0.004102504
965	0.018971946	0.018971946
3631	-0.012421101	-0.012421101
3331	-0.15604754	-0.15604754
415	0.008363792	0.008363792
837	-0.011158258	-0.011158258
2070	-0.026488418	-0.026488418
2991	-0.042690499	-0.042690499
3558	-0.052366588	-0.052366588
4083	-0.057787705	-0.057787705
3969	-0.057787705	-0.057787705
2382	-0.054219565	-0.054219565
4147	-0.060554478	-0.060554478
1544	-0.053273696	-0.053273696
3492	-0.040621922	-0.040621922
1697	-0.047978241	-0.047978241
672	-0.025636057	-0.025636057
1398	-0.044186613	-0.044186613
3544	-0.031401516	-0.031401516
125	-0.034660936	-0.034660936
2021	-0.04143545	-0.04143545
3848	-0.035878499	-0.035878499
123	0	0
1406	-0.025941088	-0.025941088
1687	-0.045931884	-0.045931884
1187	-0.003223981	-0.003223981
1457	-0.007187717	-0.007187717
1188	-0.019429296	-0.019429296
2824	-0.026098612	-0.026098612
670	0	0
1450	-0.045657263	-0.045657263
3039	0.011239982	0.011239982
135	0	0
2302	0	0
1454	-0.021199775	-0.021199775
681	0	0
1684	-0.021199775	-0.021199775
2679	-0.041301544	-0.041301544
2837	-0.043880056	-0.043880056
679	-0.036130498	-0.036130498
1137	-0.035619432	-0.035619432
676	-0.02053889	-0.01089575
3220	-0.038488098	-0.001562926
2282	0	0
528	0.019260545	0.019260545
122	0	0
132	-0.119629992	-0.119629992
2672	-0.107978731	-0.107978731
2583	-0.111261655	-0.111261655
2396	-0.145376192	-0.158382725
674	0	0
2828	-0.135180407	-0.158509516
3404	-0.125941719	-0.150306268
678	0	0
663	-0.064351502	-0.064351502
667	-0.056483593	-0.056483593
4169	-0.04899629	-0.04899629
139	-0.049475368	-0.049475368
668	-0.049475368	-0.049475368
662	0	0
2294	0	0
337	-0.006193483	-0.006193483
2083	-0.006193483	-0.006193483
2101	-0.014510313	-0.014510313
3014	-0.014510313	-0.014510313
144	-0.014510313	-0.014510313
2577	-0.016460177	-0.016460177
2304	-0.011732632	-0.011732632
2951	-0.003396138	-0.003396138
673	-0.018452686	-0.018452686
2841	0	0
682	0	0
2830	0	0
3292	-0.026680733	-0.026680733
127	0	0
3949	-0.045329294	-0.045329294
652	-0.017327275	-0.017327275
121	-0.017327275	-0.017327275
797	-0.020265811	-0.020265811
551	-0.017312712	-0.017312712
2287	0	0
3449	-0.007528895	-0.007528895
3614	0.004007406	0.004007406
1135	0.027636804	0.029195779
3610	0.052148978	0.003203575
868	-0.023250451	-0.023250451
1279	-0.012550684	-0.012550684
2495	0.005303103	0.005303103
136	0.019406408	0.019406408
3042	0.02611755	0.02611755
2834	0	0
2836	-0.008276264	-0.008276264
1384	-0.017057431	-0.017057431
1938	0.064077413	0.026892153
4078	-0.004445906	-0.004445906
2910	-0.018708409	-0.014712777
1432	-0.018708409	-0.014712777
733	-0.002376007	-0.002376007
741	-0.002376007	-0.002376007
2373	-0.002376007	-0.002376007
745	0.012354807	0.012354807
2902	0.028135003	0.0816837
2354	0.028135003	0.0816837
1968	0.028501291	0.040120101
2905	0.028501291	0.040120101
3588	0.016972663	0.016972663
4124	0.016972663	0.016972663
194	0.013637625	0.013637625
205	0.013637625	0.013637625
1444	0.029628333	0.029628333
746	-0.022876355	-0.022876355
749	-0.024717552	-0.024717552
197	-0.011696395	-0.011696395
210	-0.009494706	-0.009494706
1436	0.008704295	0.008704295
3064	0.064123866	0.064123866
357	0.076536767	0.076536767
201	0.037865248	0.037865248
3604	0.024771751	0.024771751
346	0.048955566	0.048955566
2901	0.04119654	0.04119654
738	0.122045935	0.122045935
3600	0.121908184	0.121908184
3592	0.06944469	0.079871755
2369	0.056242356	0.056242356
2893	0.047378807	0.047378807
1428	0.04791427	0.04791427
213	0.029329324	0.029329324
750	0.043783823	0.043783823
753	0.060345615	0.060345615
2353	0.066929017	0.066929017
2357	0.066929017	0.066929017
193	0.054075581	0.054075581
3045	0.049286918	0.049286918
2365	0.049286918	0.049286918
206	0.037095176	0.037095176
3596	0.09168186	0.09168186
3060	0.110842873	0.110842873
2509	0.117955755	0.144557958
2913	0.055816565	0.055816565
349	0.087837765	0.087837765
2906	0.087837765	0.087837765
2366	0.091162809	0.091162809
2897	0.106718515	0.105350891
353	0.1545252	0.1545252
2894	0.164555013	0.164555013
350	0.186713019	0.186713019
3584	0.154171562	0.154171562
742	0.123592679	0.123592679
893	0.101234659	0.101234659
1424	0.096881254	0.096881254
4128	0.099994	0.099994
2361	0.099548605	0.099548605
2358	0.101191253	0.101191253
2898	0.101191253	0.101191253
209	0.088145478	0.088145478
1918	0.082241102	0.082241102
4132	0.063836929	0.063836929
3051	-0.034078911	-0.034078911
760	0.011457645	-0.009482654
2392	0.00253094	0.00253094
2748	0.064330156	0.039027123
3047	0.064330156	0.039027123
240	0.020571613	0.015878583
220	0.020571613	0.015878583
2920	0.021392818	0.021392818
2380	0.019542518	0.019542518
887	0.019542518	0.019542518
236	-0.014694853	-0.014694853
2940	-0.130313203	-0.130313203
3059	-0.03960771	-0.03960771
899	-0.024304548	-0.029087166
2932	-0.029795202	-0.029795202
768	-0.029795202	-0.029795202
776	-0.029795202	-0.029795202
891	0.006736733	0.006736733
344	0.006736733	0.006736733
895	0.008719786	0.008719786
3063	0.000561145	0.000561145
232	0.006792625	0.006792625
2924	0.003273359	0.003273359
764	-0.01415682	-0.01415682
2097	-0.093794131	-0.093794131
1922	-0.026493168	-0.026493168
4082	-0.026493168	-0.026493168
2400	-0.0202404	-0.0202404
4008	-0.066111845	-0.066111845
2911	-0.066111845	-0.066111845
2903	-0.066111845	-0.066111845
531	-0.048003254	-0.048003254
3464	-0.09174767	-0.073471228
2895	-0.065730289	-0.065730289
3211	-0.111124171	-0.111124171
1056	-0.136907577	-0.136907577
2899	-0.125158838	-0.125158838
2356	-0.118446173	-0.093584589
739	-0.118456009	-0.096370425
2915	-0.118456009	-0.096370425
3468	-0.118456009	-0.096370425
2896	-0.118456009	-0.096370425
751	-0.113140736	-0.080315384
3472	-0.1199546	-0.09710706
735	-0.1199546	-0.09710706
4004	-0.119834538	-0.090995047
1320	-0.125556343	-0.069396003
1840	-0.131154155	-0.09593551
2376	-0.131154155	-0.09593551
1304	-0.119068522	-0.096878391
2907	-0.127803466	-0.127803466
200	-0.139569731	-0.139569731
196	-0.121931562	-0.121931562
1308	-0.120975921	-0.120975921
3460	-0.13249071	-0.131870455
208	-0.146587667	-0.139501315
2514	-0.129440407	-0.10999451
204	-0.129440407	-0.10999451
755	-0.152915522	-0.114663752
2368	-0.126883999	-0.105756471
1852	-0.025028683	-0.025028683
2360	-0.016106884	-0.016106884
1312	-0.016106884	-0.016106884
2006	-0.011014042	-0.011014042
884	-0.043682747	-0.043682747
1731	-0.063574937	-0.063574937
1844	-0.063574937	-0.063574937
1316	-0.090095911	-0.087582953
3476	-0.077613513	-0.077613513
2372	-0.104820688	-0.104820688
3480	-0.119353841	-0.119353841
2364	-0.116056963	-0.116056963
1300	-0.131679755	-0.131679755
736	-0.134180954	-0.134180954
212	-0.13944616	-0.13944616
1848	-0.13944616	-0.13944616
743	-0.078839291	-0.078839291
4091	-0.143942788	-0.143942788
4086	-0.144316226	-0.144316226
216	-0.090850106	-0.090850106
1923	-0.058456157	-0.111073797
1926	-0.045059786	-0.197135039
1583	-0.091315261	-0.103685137
1260	-0.08155256	-0.088288983
2270	-0.076824503	-0.076824503
2817	-0.080949165	-0.080949165
1150	-0.071282577	-0.095656926
571	-0.050129152	-0.050129152
3041	-0.071009699	-0.079668869
1032	-0.095819972	-0.097522057
3046	-0.095819972	-0.097522057
3188	-0.093716037	-0.093716037
1591	-0.062879746	-0.092386104
3433	-0.047461132	-0.066124475
4107	-0.062273712	-0.077264428
1036	-0.062273712	-0.077264428
1028	-0.062273712	-0.077264428
1677	-0.072174703	-0.076892136
1042	-0.072119164	-0.082942928
3888	-0.072119164	-0.082942928
3728	-0.072119164	-0.082942928
2474	-0.062864526	-0.080005625
872	-0.062913545	-0.084315675
369	-0.062913545	-0.084315675
2587	-0.177000016	-0.177000016
3768	-0.023209856	-0.047664624
2017	-0.05144702	-0.05144702
19	-0.025377508	-0.03143763
1171	-0.023614155	-0.023614155
41	-0.024778953	-0.039562819
1301	-0.024778953	-0.039562819
497	-0.024578034	-0.047645801
2976	-0.024578034	-0.047645801
3467	-0.043945997	-0.048507403
1843	-0.043945997	-0.048507403
3602	-0.051428523	-0.051428523
1817	-0.071241161	-0.080046447
3771	-0.071241161	-0.080046447
1985	-0.048099629	-0.048099629
1849	-0.057816461	-0.072941864
3462	-0.095077424	-0.095077424
3479	-0.129611008	-0.140732541
1973	-0.078657485	-0.078657485
3594	-0.086202621	-0.097454842
1847	-0.123554112	-0.123554112
3471	-0.143762519	-0.143762519
3477	-0.121405552	-0.121405552
3589	-0.086336571	-0.086336571
1434	-0.09362153	-0.09362153
1425	-0.083688823	-0.083688823
1446	-0.083688823	-0.083688823
1981	-0.069869423	-0.069869423
1839	-0.069869423	-0.069869423
3598	-0.069869423	-0.069869423
1969	-0.069869423	-0.069869423
1306	-0.05656036	-0.05656036
1442	-0.034635035	-0.034635035
3461	-0.041154435	-0.041154435
2517	-0.041154435	-0.041154435
1314	-0.044059338	-0.044059338
4145	-0.050355491	-0.050355491
3463	-0.043543038	-0.043543038
4126	-0.088138122	-0.088138122
1965	-0.046858053	-0.042239419
4125	-0.084373676	-0.084373676
1315	-0.094869189	-0.094869189
4014	-0.08321461	-0.08321461
1437	-0.072952832	-0.072952832
3605	-0.072952832	-0.072952832
3593	-0.072952832	-0.072952832
4007	-0.058223693	-0.058223693
4005	-0.066322211	-0.066322211
3585	-0.050523171	-0.050523171
4003	-0.063678985	-0.063678985
1841	-0.064287208	-0.064287208
3458	-0.064287208	-0.064287208
1441	-0.064287208	-0.064287208
1297	-0.09247257	-0.09247257
4018	-0.095918106	-0.095918106
3606	-0.095918106	-0.095918106
4133	-0.107206517	-0.107206517
1318	-0.11191086	-0.116274426
1857	-0.122172201	-0.122172201
4129	-0.100811291	-0.107696773
4141	-0.112356086	-0.112356086
1433	-0.112356086	-0.112356086
1310	-0.138972567	-0.138972567
1858	-0.1411025	-0.1411025
1837	-0.13740307	-0.13740307
4006	-0.13740307	-0.13740307
1445	-0.125652552	-0.125652552
1430	-0.125652552	-0.125652552
1302	-0.134375081	-0.134375081
3997	-0.124636756	-0.124636756
1311	-0.156630475	-0.156630475
1313	-0.156630475	-0.156630475
3052	-0.112399127	-0.112399127
1299	-0.112262554	-0.112262554
1319	-0.110213267	-0.110213267
1845	-0.110213267	-0.110213267
4001	-0.087022395	-0.087022395
1838	-0.087022395	-0.087022395
1305	-0.087022395	-0.087022395
4002	-0.087022395	-0.087022395
3466	-0.093862409	-0.093862409
3478	-0.093862409	-0.093862409
1853	-0.094866674	-0.094866674
3998	-0.088540855	-0.088540855
1307	-0.088540855	-0.088540855
1846	-0.090806156	-0.090806156
3465	-0.088852982	-0.088852982
3474	-0.088852982	-0.088852982
4013	-0.088852982	-0.088852982
1850	-0.088852982	-0.088852982
3999	-0.073333106	-0.090192091
3469	-0.073333106	-0.090192091
3586	-0.074422137	-0.134010064
4017	-0.072987196	-0.109783884
1309	-0.112595835	-0.112595835
1429	-0.103455757	-0.103455757
3475	-0.065484627	-0.094335255
1438	-0.065484627	-0.094335255
1303	-0.065484627	-0.094335255
1426	-0.062277729	-0.094266918
3459	-0.062336821	-0.11549583
3470	-0.062896157	-0.084960946
1966	-0.070275803	-0.084909029
3473	-0.069407836	-0.1023545
1977	-0.080450931	-0.122988465
4137	-0.079395047	-0.115252765
1317	-0.07187486	-0.099726788
4010	-0.06122849	-0.099882366
487	-0.06122849	-0.099882366
4110	-0.096498367	-0.096498367
1414	-0.070536215	-0.076136865
3133	0.062940087	0.062940087
2261	-0.035013418	-0.05161723
2729	-0.035822437	-0.066399374
488	-0.03499508	-0.052289267
1326	-0.035005013	-0.035005013
40	0.01495252	0.004825335
1541	-0.036258601	-0.037393146
4087	-0.060272095	-0.060272095
320	0	0
1614	0	0
860	0	0
2142	0	0
321	0	0
1690	0	0
3301	0	0
1678	0	0
1296	0	0
3448	0	0
1145	0	0
867	0	0
2493	0	0
2496	0	0
322	0	0
870	0	0
3845	0	0
3842	0	0
3020	0	0
4302	0	0
1146	0	0
339	0	0
3032	0	0
879	0	0
1610	0	0
3992	0	0
4297	0	0
2152	0	0
3975	0	0
